0 	 0.0470536 	 -0.15699 	 -0.302348
1 	 -0.0432839 	 -0.0908785 	 0.0255041
2 	 -0.205096 	 -0.419628 	 -0.0684219
3 	 -0.192666 	 -0.171017 	 -0.115311
4 	 -0.141716 	 -0.0262951 	 0.0102078
5 	 -0.20871 	 -0.0662257 	 -0.0720885
6 	 -0.0964747 	 -0.10942 	 -0.143274
7 	 -0.101317 	 -0.255601 	 -0.126274
8 	 -0.360983 	 0.0928715 	 -0.112607
9 	 -0.124082 	 -0.0586563 	 0.161171
10 	 -0.200471 	 -0.395601 	 -0.00971815
11 	 -0.300421 	 -0.34567 	 -0.112533
12 	 -0.338001 	 -0.251434 	 -0.0453107
13 	 -0.265008 	 -0.0212951 	 -0.0479033
14 	 -0.0541967 	 -0.421781 	 0.0541707
15 	 -0.227067 	 -0.226712 	 -0.0149774
16 	 -0.0791299 	 0.0732882 	 -0.123163
17 	 -0.161084 	 -0.187892 	 -0.128792
18 	 -0.0130028 	 -0.214142 	 0.0445781
19 	 -0.0817316 	 -0.182545 	 -0.132977
20 	 -0.0215307 	 -0.237337 	 0.0428374
21 	 0.0258784 	 -0.207545 	 -0.045607
22 	 0.0211086 	 -0.274212 	 -0.0369774
23 	 -0.206686 	 0.0373854 	 -0.0287552
24 	 -0.169612 	 -0.193101 	 -0.00101444
25 	 -0.0504387 	 -0.271365 	 0.00931889
26 	 -0.0521009 	 -0.208865 	 -0.0504219
27 	 -0.194762 	 -0.21074 	 0.111171
28 	 -0.0830324 	 -0.188726 	 -0.024607
29 	 -0.448646 	 -0.199351 	 -0.2482
30 	 -0.193244 	 -0.180531 	 0.00398556
31 	 -0.157471 	 -0.418656 	 -0.187496
32 	 -0.153062 	 0.14051 	 -0.163533
33 	 -0.211529 	 -0.23074 	 -0.032607
34 	 -0.0823097 	 -0.168309 	 -0.0772737
35 	 -0.184572 	 -0.474698 	 0.0855781
36 	 -0.333448 	 -0.0980313 	 -0.0177922
37 	 0.127779 	 -0.200878 	 -0.190792
38 	 -0.478783 	 -0.193726 	 0.0601707
39 	 -0.252578 	 -0.398795 	 -0.174644
40 	 -0.318199 	 0.0102326 	 -0.159274
41 	 -0.339085 	 -0.240323 	 -0.107644
42 	 -0.011702 	 -0.0234479 	 -0.069607
43 	 0.00889499 	 -0.12949 	 -0.183274
44 	 -0.431085 	 -0.168934 	 -0.121014
45 	 -0.20011 	 -0.402962 	 -0.168681
46 	 -0.371607 	 -0.00428125 	 -0.224163
47 	 -0.325498 	 -0.150809 	 -0.114718
48 	 -0.149087 	 -0.162962 	 -0.194866
49 	 -0.029914 	 -0.0854618 	 -0.124496
50 	 -0.395817 	 -0.26317 	 -0.247126
51 	 -0.375437 	 -0.0706007 	 -0.148755
52 	 -0.195918 	 -0.0790035 	 -0.138163
53 	 -0.269995 	 -0.198587 	 -0.101422
54 	 -0.125816 	 -0.130462 	 -0.28994
55 	 -0.121552 	 -0.297892 	 -0.262866
56 	 -0.253156 	 -0.28699 	 -0.178274
57 	 -0.131959 	 0.0732882 	 -0.1422
58 	 -0.260455 	 -0.280115 	 -0.036607
59 	 -0.294784 	 -0.241851 	 -0.140718
60 	 -0.0132919 	 -0.263101 	 -0.110422
61 	 -0.0238433 	 -0.190184 	 -0.0651996
62 	 -0.388879 	 -0.263587 	 -0.084607
63 	 0.119613 	 -0.175184 	 -0.0548293
64 	 -0.1342 	 0.0231493 	 -0.13257
65 	 -0.233788 	 -0.29199 	 -0.118644
66 	 -0.0854174 	 -0.154212 	 -0.138866
67 	 -0.183271 	 -0.105462 	 -0.0296441
68 	 -0.203796 	 -0.218656 	 -0.0924959
69 	 -0.111001 	 0.0519687 	 -0.140903
70 	 -0.0597615 	 -0.0340729 	 -0.166089
71 	 -0.1355 	 -0.239142 	 0.0720596
72 	 -0.339157 	 -0.267128 	 -0.189274
73 	 -0.152628 	 -0.178378 	 0.033467
74 	 -0.0644591 	 -0.144559 	 0.00694852
75 	 -0.261178 	 -0.280253 	 -0.311607
76 	 -0.167733 	 -0.158656 	 -0.0783848
77 	 -0.110495 	 -0.0777535 	 -0.157274
78 	 -0.150027 	 -0.272406 	 -0.0583848
79 	 -0.203434 	 -0.0819201 	 -0.0448663
80 	 -0.257059 	 -0.0766424 	 -0.211903
81 	 -0.0926444 	 -0.401017 	 -0.169903
82 	 0.0641093 	 -0.090184 	 -0.0142737
83 	 -0.0708911 	 -0.167267 	 0.0716522
84 	 -0.132826 	 -0.314628 	 -0.160792
85 	 -0.3698 	 -0.232406 	 -0.370459
86 	 -0.424364 	 -0.338309 	 -0.228126
87 	 -0.254601 	 -0.288726 	 -0.311237
88 	 -0.111724 	 -0.103656 	 -0.0289404
89 	 -0.321379 	 -0.0859479 	 -0.136681
90 	 -0.277872 	 -0.205184 	 -0.0721996
91 	 0.0479931 	 -0.182615 	 -0.294163
92 	 -0.144245 	 -0.490948 	 -0.0473478
93 	 -0.13008 	 -0.314906 	 -0.29257
94 	 -0.100088 	 -0.0694201 	 -0.0564219
95 	 -0.0872964 	 -0.0197674 	 0.117097
96 	 -0.16477 	 -0.170462 	 0.0918374
97 	 -0.0656876 	 -0.172753 	 -0.11657
98 	 -0.0588943 	 -0.159906 	 -0.238829
99 	 -0.180525 	 0.0896076 	 -0.105718
100 	 -0.156386 	 -0.226295 	 0.0981707
101 	 -0.43094 	 0.0673854 	 -0.0352737
102 	 -0.270212 	 -0.136573 	 -0.209422
103 	 0.192605 	 -0.185323 	 0.0158374
104 	 0.0617966 	 -0.330462 	 0.028393
105 	 -0.105725 	 0.0552326 	 -0.0608293
106 	 -0.248675 	 -0.162406 	 -0.315385
107 	 -0.00476404 	 -0.221573 	 -0.145644
108 	 -0.147786 	 -0.0435868 	 -0.127977
109 	 -0.318849 	 0.0146771 	 -0.100311
110 	 -0.0449462 	 -0.0667118 	 -0.115903
111 	 -0.169106 	 -0.101712 	 -0.137163
112 	 -0.214853 	 -0.434976 	 -0.119533
113 	 -0.0902594 	 -0.227267 	 0.0121707
114 	 -0.0610624 	 -0.271642 	 0.0758374
115 	 -0.140343 	 -0.220809 	 -0.00623667
116 	 -0.149738 	 -0.225115 	 -0.0399404
117 	 -0.319861 	 -0.0867118 	 -0.135311
118 	 -0.311984 	 -0.282476 	 -0.0741996
119 	 -0.129863 	 -0.138587 	 -0.130977
120 	 -0.177778 	 -0.176434 	 -0.204163
121 	 -0.280185 	 -0.0688646 	 -0.11294
122 	 -0.287123 	 -0.146503 	 0.0141337
123 	 -0.155664 	 -0.243378 	 -0.0587181
124 	 -0.154363 	 -0.0111563 	 0.0661337
125 	 -0.428772 	 -0.315045 	 -0.0467552
126 	 -0.432024 	 -0.0328229 	 -0.176051
127 	 -0.161301 	 -0.0649757 	 -0.3712
128 	 -0.305841 	 -0.251156 	 0.0641337
129 	 -0.23133 	 -0.352128 	 -0.115126
130 	 -0.38541 	 -0.0777535 	 0.0598744
131 	 -0.102112 	 -0.23074 	 -0.0977922
132 	 -0.0440066 	 -0.0587951 	 -0.227274
133 	 -0.321813 	 0.133913 	 -0.0344959
134 	 -0.177706 	 -0.248378 	 0.164652
135 	 -0.159422 	 0.0565521 	 -0.287348
136 	 0.00145118 	 -0.27824 	 0.0429856
137 	 -0.143812 	 -0.141573 	 -0.0916811
138 	 -0.0570152 	 -0.187267 	 -0.0671996
139 	 -0.256697 	 -0.0474063 	 -0.0620515
140 	 -0.0642422 	 -0.258031 	 -0.0361996
141 	 -0.244484 	 -0.162406 	 -0.126607
142 	 -0.322824 	 -0.11574 	 0.0303189
143 	 -0.304901 	 -0.129559 	 -0.0672367
144 	 -0.280185 	 -0.163656 	 -0.186237
145 	 -0.0865737 	 -0.266434 	 -0.0114589
146 	 -0.223814 	 0.0405799 	 -0.0773478
147 	 -0.166504 	 -0.257059 	 -0.145014
148 	 -0.311478 	 -0.210809 	 -0.202681
149 	 -0.165493 	 -0.065809 	 0.0252078
150 	 -0.339374 	 -0.0212951 	 -0.189681
151 	 -0.319211 	 -0.18567 	 -0.124274
152 	 -0.0688675 	 -0.19199 	 -0.148977
153 	 -0.112952 	 -0.310045 	 -0.0330144
154 	 -0.157687 	 -0.0892118 	 0.067393
155 	 -0.118951 	 -0.0611563 	 -0.158533
156 	 -0.00447496 	 -0.0508785 	 -0.222126
157 	 -0.30548 	 -0.100115 	 0.0220226
158 	 -0.289074 	 0.00120486 	 -0.167607
159 	 -0.315597 	 -4.51389e-05 	 -0.271533
160 	 0.0962694 	 -0.0641424 	 -0.0653107
161 	 -0.15682 	 0.103219 	 0.00683741
162 	 -0.128418 	 0.077941 	 -0.0838663
163 	 -0.23003 	 -0.357059 	 -0.16657
164 	 -0.290086 	 -0.318726 	 -0.0899033
165 	 -0.139764 	 -0.206365 	 -0.190126
166 	 -0.0024514 	 -0.0501146 	 -0.214681
167 	 -0.162963 	 -0.332059 	 -0.229014
168 	 -0.11223 	 -0.0180313 	 -0.136274
169 	 -0.225404 	 0.0775937 	 -0.00857
170 	 -0.0399595 	 -0.00108681 	 -0.124607
171 	 -0.0953183 	 -0.24317 	 -0.163792
172 	 -0.0940898 	 -0.0913646 	 -0.229385
173 	 -0.0591833 	 0.0616215 	 -0.0651626
174 	 -0.255541 	 -0.0990035 	 -0.149163
175 	 -0.0824543 	 -0.130531 	 -0.212348
176 	 0.0521125 	 -0.125045 	 0.164837
177 	 -0.0718306 	 -0.206156 	 -0.049607
178 	 -0.207481 	 -0.274073 	 -0.131126
179 	 -0.122347 	 -0.00775347 	 -0.121422
180 	 -0.184355 	 -0.101295 	 0.00339296
181 	 -0.192955 	 -0.0982396 	 -0.086533
182 	 -0.313429 	 -0.0136563 	 0.00205963
183 	 -0.431518 	 -0.0807396 	 -0.0991256
184 	 -0.474664 	 -0.055184 	 -0.0410885
185 	 -0.308804 	 -0.509628 	 -0.106311
186 	 -0.145185 	 -0.108587 	 0.06943
187 	 -0.206686 	 -0.248795 	 -0.06257
188 	 -0.177489 	 -0.263795 	 -0.0887181
189 	 0.0143875 	 -0.319767 	 -0.223274
190 	 -0.148581 	 -0.395809 	 -0.081607
191 	 -0.0377192 	 -0.119351 	 -0.315459
192 	 -0.33128 	 -0.108795 	 -0.191163
193 	 -0.168745 	 0.0348854 	 5.96296e-05
194 	 -0.0951015 	 -0.300253 	 -0.148311
195 	 -0.0604842 	 -0.142684 	 -0.0443478
196 	 -0.181609 	 0.0178715 	 -0.118089
197 	 0.0176397 	 -0.342892 	 -0.0580885
198 	 -0.289941 	 -0.32449 	 -0.0746811
199 	 -0.226416 	 -0.126781 	 -0.219977
200 	 -0.248675 	 -0.0523368 	 -0.27657
201 	 -0.0904763 	 -0.140184 	 -0.110311
202 	 -0.0992209 	 -0.0625451 	 -0.0628663
203 	 -0.516797 	 -0.232615 	 -0.16194
204 	 -0.193389 	 -0.447684 	 -0.273607
205 	 -0.132682 	 -0.15817 	 -0.15194
206 	 -0.179585 	 -0.236642 	 -0.147829
207 	 -0.0846224 	 -0.16567 	 0.0207263
208 	 -0.125599 	 -0.198101 	 -0.0840144
209 	 -0.133983 	 -0.0935868 	 -0.106014
210 	 -0.0225425 	 -0.10442 	 0.113837
211 	 -0.16065 	 -0.143865 	 -0.12557
212 	 -0.0377914 	 -0.0985868 	 -0.139163
213 	 -0.082382 	 -0.25574 	 -0.0951996
214 	 -0.232631 	 -0.271087 	 -0.15757
215 	 -0.336556 	 -0.184976 	 -0.157829
216 	 -0.640523 	 -0.331781 	 -0.163829
217 	 -0.102112 	 -0.0229618 	 -0.163237
218 	 -0.307792 	 -0.286503 	 -0.0203848
219 	 -0.370595 	 -0.0588646 	 -0.0950515
220 	 -0.291459 	 -0.281156 	 -0.388459
221 	 0.117445 	 -0.169073 	 -0.2572
222 	 -0.181175 	 -0.286226 	 0.00980037
223 	 0.0319491 	 0.14551 	 -0.242348
224 	 -0.216732 	 -0.103101 	 -0.00512556
225 	 -0.11924 	 -0.069559 	 -0.130422
226 	 -0.44814 	 -0.0985174 	 -0.244422
227 	 -0.25518 	 -0.167892 	 -0.306977
228 	 -0.446261 	 -0.159281 	 -0.0126811
229 	 -0.420678 	 -0.164559 	 0.0289856
230 	 -0.156531 	 -0.273865 	 -0.0873848
231 	 -0.181175 	 -0.154767 	 -0.267644
232 	 -0.154507 	 -0.087684 	 -0.290274
233 	 -0.177345 	 -0.184767 	 -0.268644
234 	 -0.238124 	 -0.00407292 	 -0.1112
235 	 -0.0781904 	 -0.190115 	 -0.0247181
236 	 -0.0239156 	 -0.0756007 	 -0.134348
237 	 -0.0844778 	 0.00655208 	 -0.254681
238 	 -0.0964024 	 -0.404976 	 -0.0412367
239 	 -0.114036 	 -0.174003 	 -0.108014
240 	 -0.345878 	 0.057941 	 -0.192163
241 	 -0.114904 	 -0.062059 	 -0.140459
242 	 -0.129863 	 -0.0204618 	 -0.0591626
243 	 0.0896206 	 -0.222337 	 0.0762448
244 	 0.0268902 	 -0.247753 	 -0.249607
245 	 -0.27621 	 -0.0437257 	 -0.0623107
246 	 -0.240147 	 -0.0996979 	 -0.215718
247 	 -0.100955 	 -0.125392 	 -0.121681
248 	 -0.407742 	 -0.271573 	 -0.192829
249 	 -0.197725 	 0.016691 	 -0.320274
250 	 -0.286256 	 -0.0691424 	 0.0597263
251 	 -0.189848 	 0.00467708 	 -0.00268111
252 	 -0.278089 	 -0.158378 	 -0.217903
253 	 -0.646594 	 -0.0662951 	 -0.168903
254 	 -0.230391 	 -0.393309 	 -0.0844959
255 	 -0.218539 	 -0.189906 	 -0.200903
256 	 -0.220418 	 -0.135045 	 -0.2692
257 	 -0.370523 	 0.0148854 	 -0.135866
258 	 -0.152628 	 -0.23199 	 0.00683741
259 	 -0.135428 	 -0.229003 	 -0.00742185
260 	 -0.149304 	 -0.0776146 	 0.0168374
261 	 -0.411138 	 -0.147198 	 0.0585041
262 	 -0.0139423 	 -0.193656 	 -0.00116259
263 	 -0.413957 	 0.0231493 	 -0.2142
264 	 0.0519679 	 -0.0987257 	 -0.206681
265 	 -0.244773 	 -0.347476 	 -0.0439404
266 	 -0.204012 	 -0.167337 	 -0.0171626
267 	 0.057605 	 -0.334559 	 -0.084533
268 	 -0.182115 	 -0.143656 	 -0.263644
269 	 -0.242677 	 -0.373656 	 -0.0214959
270 	 -0.000933728 	 -0.24949 	 -0.129237
271 	 -0.280908 	 -0.288656 	 -0.155681
272 	 -0.377822 	 -0.218795 	 -0.0528293
273 	 -0.266165 	 -0.250253 	 -0.210014
274 	 -0.0823097 	 -0.293934 	 0.00505963
275 	 -0.191943 	 -0.187753 	 -0.0948293
276 	 -0.145691 	 -0.0911563 	 0.133763
277 	 -0.277077 	 -0.209003 	 -0.0171256
278 	 -0.13709 	 -0.302753 	 0.062467
279 	 -0.204229 	 -0.122615 	 -0.0106441
280 	 -0.190209 	 -0.00490625 	 -0.269755
281 	 -0.305046 	 -0.049559 	 -0.33457
282 	 -0.247374 	 -0.199142 	 -0.0980144
283 	 -0.244845 	 -0.156503 	 -0.164422
284 	 -0.375943 	 -0.201017 	 -0.116014
285 	 -0.0232652 	 -0.0396285 	 -0.0619404
286 	 -0.0737819 	 -0.128587 	 -0.0467922
287 	 -0.144534 	 -0.242684 	 0.06543
288 	 -0.115048 	 -0.0441424 	 -0.158051
289 	 -0.261106 	 -0.176851 	 -0.269829
290 	 -0.0375023 	 -0.110323 	 -0.0943107
291 	 -0.262479 	 -0.278656 	 -0.374348
292 	 -0.101895 	 -0.195045 	 -0.0721996
293 	 -0.0864291 	 -0.174212 	 -0.301533
294 	 -0.23133 	 -0.232545 	 -0.208496
295 	 -0.265803 	 -0.154767 	 -0.190755
296 	 0.0108463 	 -0.43692 	 0.000207778
297 	 -0.126178 	 -0.066434 	 0.117282
298 	 0.0631698 	 -0.0144201 	 0.253467
299 	 0.018796 	 -0.338101 	 8.76462
300 	 -0.140704 	 -0.183795 	 0.261726
301 	 -0.384037 	 -0.434073 	 0.0466152
302 	 -0.109194 	 -0.524906 	 -0.118237
303 	 -0.0815148 	 -0.191642 	 0.1358
304 	 -0.10175 	 -0.379212 	 -0.143422
305 	 -0.185873 	 -0.21449 	 0.0221337
306 	 -0.204302 	 -0.120601 	 0.155393
307 	 -0.190064 	 -0.107753 	 -0.00260704
308 	 -0.107532 	 -0.267823 	 0.262023
309 	 -0.257275 	 0.136899 	 0.0352448
310 	 -0.152484 	 -0.159073 	 -0.0343848
311 	 -0.245423 	 -0.0841424 	 0.166023
312 	 -0.101028 	 -0.161434 	 0.0555411
313 	 -0.327811 	 -0.242892 	 0.165467
314 	 -0.163469 	 -0.100531 	 0.0280596
315 	 -0.169612 	 -0.104073 	 -0.0456811
316 	 -0.15523 	 -0.0424757 	 -0.0264589
317 	 -0.0151709 	 -0.14574 	 0.0452819
318 	 -0.0360569 	 -0.0761563 	 0.0105781
319 	 0.0304315 	 -0.201087 	 0.145949
320 	 -0.148365 	 -0.240878 	 -0.0538663
321 	 -0.142438 	 -0.209628 	 -0.0327181
322 	 -0.0374301 	 -0.197406 	 0.105578
323 	 -0.0557867 	 0.0171771 	 -0.0868663
324 	 -0.150677 	 -0.117476 	 0.105949
325 	 -0.197797 	 -0.222684 	 0.808949
326 	 -0.206903 	 -0.116017 	 1.07447
327 	 -0.0788408 	 -0.0171285 	 26.6605
328 	 -0.258793 	 -0.33949 	 2.21106
329 	 -0.0650372 	 -0.206851 	 0.238763
330 	 -0.0728424 	 0.00432986 	 0.122208
331 	 -0.0650372 	 0.0509965 	 0.0430226
332 	 -0.0314317 	 -0.204212 	 -0.0312367
333 	 -0.183199 	 -0.243031 	 -0.151607
334 	 -0.177706 	 -0.319281 	 0.0842078
335 	 -0.174888 	 -0.0626146 	 -0.135051
336 	 -0.394516 	 -0.127823 	 -0.0859033
337 	 -0.264575 	 -0.170045 	 -0.216126
338 	 -0.22143 	 -0.522476 	 -0.291348
339 	 -0.251494 	 -0.423448 	 -0.0279033
340 	 -0.254601 	 -0.242753 	 -0.0163107
341 	 -0.175032 	 -0.0712257 	 -0.03657
342 	 -0.128779 	 -0.257337 	 0.0915781
343 	 -0.239497 	 -0.458517 	 0.0762078
344 	 -0.269923 	 -0.0537257 	 -0.00638481
345 	 -0.244195 	 -0.114212 	 -0.0818293
346 	 -0.38794 	 -0.209142 	 0.1288
347 	 -0.104063 	 -0.195601 	 -0.0616811
348 	 -0.125816 	 -0.299003 	 -0.315385
349 	 -0.196496 	 -0.152059 	 -0.0123478
350 	 -0.170768 	 -0.254281 	 -0.0196811
351 	 -0.185656 	 -0.30442 	 -0.0142737
352 	 -0.0184953 	 -0.323726 	 0.00298556
353 	 -0.145835 	 -0.41699 	 -0.227681
354 	 -0.088814 	 -0.149767 	 -0.0404589
355 	 -0.309165 	 -0.115392 	 -0.124496
356 	 -0.0168331 	 -0.257128 	 0.0236893
357 	 -0.348119 	 -0.38949 	 -0.160792
358 	 -0.165854 	 -0.245601 	 -0.102755
359 	 -0.537322 	 -0.337684 	 -0.215274
360 	 -0.19599 	 -0.251642 	 -0.0662367
361 	 -0.274114 	 -0.521642 	 -0.0102737
362 	 -0.26855 	 -0.271226 	 0.149986
363 	 -0.234872 	 -0.356017 	 -0.0991996
364 	 -0.262985 	 -0.147476 	 -0.0400885
365 	 -0.109483 	 -0.255115 	 0.125171
366 	 -0.031793 	 -0.0873368 	 0.130467
367 	 -0.168239 	 -0.208726 	 -0.0644959
368 	 -0.0791299 	 -0.338795 	 0.0498004
369 	 -0.325065 	 -0.017059 	 0.024467
370 	 -0.286183 	 -0.227684 	 0.00939296
371 	 -0.346023 	 -0.204003 	 -0.179829
372 	 -0.361344 	 -0.0428229 	 -0.231126
373 	 -0.19693 	 -0.293031 	 -0.0662737
374 	 -0.302011 	 -0.206156 	 -0.0640885
375 	 -0.222224 	 -0.217823 	 0.172837
376 	 -0.172936 	 -0.00948958 	 -0.158792
377 	 0.00354701 	 -0.273934 	 -0.130977
378 	 -0.415908 	 -0.201087 	 0.0609115
379 	 -0.33764 	 -0.34574 	 -0.272607
380 	 -0.279246 	 -0.200392 	 -0.0500515
381 	 -0.127984 	 -0.259906 	 0.058467
382 	 -0.228584 	 0.0243993 	 0.0298374
383 	 -0.169829 	 -0.0753924 	 -0.207311
384 	 -0.225188 	 -0.23574 	 -0.123533
385 	 -0.378183 	 -0.222337 	 -0.0930885
386 	 -0.198086 	 -0.375462 	 -0.148755
387 	 -0.117216 	 -0.125878 	 -0.064607
388 	 -0.225332 	 -0.0779618 	 -0.194014
389 	 -0.248603 	 -0.197337 	 -0.203385
390 	 -0.0210248 	 -0.214837 	 -0.0810885
391 	 -0.41851 	 -0.179281 	 -0.257755
392 	 -0.0720474 	 -0.219628 	 -0.133792
393 	 -0.130008 	 -0.0716424 	 -0.0422737
394 	 -0.00953386 	 -0.182823 	 -0.0348663
395 	 -0.200182 	 -0.142892 	 0.0235411
396 	 -0.0343947 	 -0.297545 	 -0.0524219
397 	 -0.252289 	 -0.408934 	 0.112689
398 	 -0.233643 	 -0.0961563 	 -0.0594219
399 	 -0.236389 	 -0.202128 	 0.0263189
400 	 -0.171491 	 -0.279906 	 -0.0390885
401 	 -0.444816 	 -0.332545 	 0.00891148
402 	 -0.228223 	 -0.279212 	 -0.1762
403 	 -0.341109 	 -0.307892 	 -0.194348
404 	 -0.200905 	 -0.307615 	 -0.04557
405 	 -0.190498 	 -0.330253 	 0.0392819
406 	 -0.197869 	 -0.0124757 	 -0.00501444
407 	 -0.312201 	 -0.314767 	 -0.062607
408 	 -0.202061 	 -0.20192 	 0.000763333
409 	 -0.0681448 	 -0.0117118 	 -0.172607
410 	 -0.410199 	 -0.187406 	 -0.25457
411 	 -0.0230483 	 -0.00615625 	 0.0426152
412 	 -0.168239 	 0.0368299 	 -0.0418663
413 	 -0.153568 	 -0.188101 	 -0.067607
414 	 -0.242532 	 -0.296226 	 -0.101829
415 	 -0.271151 	 -0.19817 	 0.0461337
416 	 -0.235305 	 -0.418378 	 0.061393
417 	 0.00412517 	 -0.207753 	 -0.0349774
418 	 -0.341904 	 -0.139003 	 0.00687444
419 	 -0.111507 	 -0.234837 	 -0.12994
420 	 -0.442287 	 -0.0480313 	 -0.148051
421 	 -0.171057 	 -0.067059 	 0.0209485
422 	 0.0315878 	 -0.0769201 	 -0.0082737
423 	 -0.0551362 	 -0.243726 	 -0.0528663
424 	 -0.250338 	 -0.260531 	 0.120615
425 	 -0.189703 	 -0.154976 	 0.199652
426 	 -0.238413 	 -0.087059 	 -0.0430515
427 	 -0.312128 	 -0.304351 	 0.193467
428 	 -0.232848 	 -0.011434 	 0.0685041
429 	 -0.222947 	 -0.329212 	 0.218911
430 	 -0.371173 	 -0.28817 	 -0.0396441
431 	 -0.184066 	 -0.186156 	 -0.0391626
432 	 -0.186595 	 -0.338101 	 0.0386893
433 	 -0.187679 	 -0.326781 	 -0.0557552
434 	 -0.261323 	 -0.195253 	 0.0860226
435 	 -0.199604 	 -0.175392 	 0.099467
436 	 -0.16636 	 -0.289906 	 0.110208
437 	 0.006221 	 -0.0540035 	 -0.0697552
438 	 -0.213624 	 -0.42317 	 -0.0374589
439 	 -0.184427 	 -0.393517 	 -0.0423478
440 	 -0.200543 	 -0.296712 	 -0.121274
441 	 -0.0506555 	 -0.441642 	 -0.156014
442 	 -0.2434 	 -0.30824 	 -0.00171815
443 	 -0.132826 	 -0.125601 	 -0.121348
444 	 -0.144751 	 -0.357753 	 -0.124977
445 	 -0.357008 	 -0.161781 	 0.0287263
446 	 -0.174454 	 -0.0867118 	 0.0909856
447 	 -0.0872964 	 -0.219906 	 0.125393
448 	 -0.10652 	 -0.407823 	 0.0436893
449 	 -0.161084 	 -0.402962 	 -0.0909774
450 	 0.00152345 	 -0.250253 	 -0.0414219
451 	 -0.0747937 	 -0.0951146 	 0.186356
452 	 -0.14728 	 -0.33192 	 -0.08657
453 	 -0.0884527 	 -0.192962 	 -0.0960144
454 	 -0.0440789 	 -0.262406 	 0.116689
455 	 -0.0894645 	 -0.535601 	 0.0686152
456 	 -0.0364906 	 -0.0800451 	 -0.171681
457 	 0.37805 	 -0.327545 	 0.143319
458 	 0.154375 	 -0.0206701 	 0.0155041
459 	 -0.136223 	 -0.249976 	 0.0305041
460 	 -0.0557144 	 -0.225045 	 -0.0653478
461 	 -0.0662658 	 -0.303031 	 -0.0336811
462 	 -0.122564 	 -0.150323 	 0.16106
463 	 -0.0651095 	 -0.394212 	 -0.0524589
464 	 -0.334388 	 -0.374212 	 -0.0354959
465 	 0.0513898 	 -0.175809 	 -0.0293107
466 	 -0.112446 	 -0.314767 	 -0.119014
467 	 -0.113314 	 -0.301295 	 0.0588004
468 	 0.0282634 	 -0.301226 	 0.0109115
469 	 -0.0260837 	 -0.139142 	 0.000133704
470 	 0.0217591 	 -0.232892 	 0.0110967
471 	 -0.200182 	 -0.206434 	 -0.07257
472 	 -0.405573 	 -0.21074 	 -0.0862737
473 	 -0.152845 	 -0.356712 	 -0.0390515
474 	 -0.205458 	 -0.194351 	 0.0807633
475 	 -0.109628 	 -0.266712 	 0.135319
476 	 -0.0813702 	 -0.286295 	 -0.0506811
477 	 -0.340458 	 -0.203101 	 0.0818374
478 	 -0.290447 	 -0.0278229 	 -0.0643478
479 	 -0.19057 	 -0.228101 	 -0.114755
480 	 -0.0643145 	 -0.060184 	 0.128615
481 	 -0.150388 	 -0.168795 	 -0.121274
482 	 0.00903953 	 -0.00122569 	 -0.0397922
483 	 -0.0622187 	 -0.187476 	 0.00928185
484 	 0.0564487 	 0.0317604 	 0.00939296
485 	 -0.00722122 	 -0.148587 	 -0.0640515
486 	 -0.42169 	 0.113219 	 -0.0939774
487 	 0.25707 	 -0.270045 	 0.010467
488 	 -0.0694457 	 0.0562743 	 0.152356
489 	 0.112241 	 -0.150948 	 0.0979115
490 	 -0.293627 	 -0.0512951 	 0.00917074
491 	 0.0200246 	 -0.384212 	 -0.0270515
492 	 -0.129936 	 -0.030809 	 -0.186348
493 	 -0.0203021 	 0.0203715 	 -0.0174589
494 	 -0.11129 	 -0.113656 	 -0.148014
495 	 -0.19628 	 -0.0506007 	 -0.0524959
496 	 -0.117794 	 -0.152823 	 -0.0334589
497 	 -0.0574489 	 0.0348854 	 0.133467
498 	 -0.163397 	 -0.169281 	 0.144097
499 	 -0.293555 	 -0.41317 	 -0.162718
500 	 -0.148148 	 -0.16699 	 0.104134
501 	 -0.245279 	 -0.573587 	 0.299171
502 	 -0.362139 	 -0.141851 	 0.143689
503 	 -0.354262 	 -0.224906 	 -0.0677922
504 	 -0.0822375 	 -0.350531 	 0.0928004
505 	 0.112964 	 -0.327059 	 0.052393
506 	 -0.0218198 	 0.0946771 	 -0.0088663
507 	 -0.170913 	 -0.206295 	 0.0180226
508 	 -0.137958 	 -0.238795 	 0.0932078
509 	 -0.128996 	 -0.282198 	 -0.087607
510 	 -0.130731 	 -0.381503 	 0.242541
511 	 -0.220129 	 -0.371712 	 0.105763
512 	 -0.302155 	 -0.22574 	 0.0917263
513 	 -0.188908 	 -0.342684 	 -0.0397552
514 	 -0.239136 	 -0.362267 	 0.00554111
515 	 -0.187029 	 -0.203587 	 -0.100385
516 	 -0.0588943 	 -0.435392 	 0.0639856
517 	 -0.115843 	 -0.0484479 	 -0.0737181
518 	 -0.174671 	 -0.223517 	 0.0108004
519 	 0.0529074 	 -0.14817 	 0.205245
520 	 0.191377 	 -0.129976 	 0.187874
521 	 -0.112374 	 -0.283448 	 -0.0837552
522 	 -0.0296249 	 -0.250253 	 -0.188496
523 	 0.0546419 	 -0.313309 	 -0.0242367
524 	 -0.28734 	 -0.218934 	 -0.119163
525 	 -0.0335998 	 -0.348031 	 0.17043
526 	 -0.0925721 	 -0.33442 	 0.0597633
527 	 -0.190281 	 -0.332267 	 -0.146459
528 	 -0.318777 	 -0.347615 	 -0.0999404
529 	 -0.469966 	 -0.320878 	 0.0385781
530 	 -0.216804 	 -0.324767 	 0.187689
531 	 -0.0479815 	 -0.157962 	 0.13943
532 	 -0.330413 	 -0.186017 	 0.11106
533 	 -0.236751 	 -0.119073 	 0.289467
534 	 -0.264286 	 -0.194559 	 0.0559856
535 	 -0.212902 	 -0.207198 	 0.0508744
536 	 -0.419377 	 -0.307337 	 -0.0511256
537 	 -0.0939452 	 -0.296503 	 0.0729115
538 	 0.117083 	 -0.264003 	 0.178023
539 	 -0.411861 	 -0.0299063 	 -0.0230144
540 	 -0.189775 	 -0.275323 	 -0.0232367
541 	 -0.360622 	 -0.0986563 	 -0.0464219
542 	 -0.0528959 	 0.0422465 	 0.0866522
543 	 0.0578218 	 -0.134976 	 0.149208
544 	 0.0953299 	 -0.195531 	 -0.118829
545 	 -0.0917048 	 -0.235045 	 0.212763
546 	 -0.0704575 	 -0.255948 	 0.217763
547 	 -0.260022 	 0.0325243 	 0.03343
548 	 -0.18356 	 -0.238587 	 -0.0624959
549 	 -0.112808 	 0.0107882 	 0.0779115
550 	 -0.0508723 	 -0.285531 	 0.0960226
551 	 -0.0250719 	 -0.314142 	 -0.129681
552 	 -0.0681448 	 -0.104837 	 0.0618744
553 	 -0.214636 	 -0.33574 	 0.0823189
554 	 -0.0151709 	 -0.263448 	 0.0426522
555 	 -0.165276 	 -0.255878 	 0.0532819
556 	 -0.20712 	 -0.255601 	 -0.203385
557 	 -0.201122 	 -0.0259479 	 0.0603189
558 	 0.0607849 	 -0.292684 	 0.00124481
559 	 -0.162385 	 -0.182476 	 -0.108348
560 	 -0.240798 	 -0.139698 	 0.057467
561 	 -0.0446571 	 -0.17449 	 0.152541
562 	 -0.297602 	 -0.171503 	 0.203245
563 	 -0.12466 	 -0.0578229 	 0.022467
564 	 -0.127045 	 0.290927 	 0.063467
565 	 0.03325 	 0.637247 	 0.142837
566 	 -0.169034 	 23.3105 	 0.0412819
567 	 -0.100666 	 18.2972 	 -0.0843107
568 	 -0.222586 	 0.984608 	 0.0589115
569 	 -0.169106 	 0.441622 	 0.0612448
570 	 -0.182693 	 0.430233 	 0.0341337
571 	 -0.155808 	 0.295163 	 -0.103755
572 	 -0.164842 	 0.277802 	 -0.06757
573 	 -0.312562 	 -0.190115 	 0.0460226
574 	 -0.13803 	 -0.176781 	 -0.208607
575 	 -0.292471 	 -0.149837 	 -0.117903
576 	 -0.145329 	 -0.0829618 	 0.02443
577 	 -0.351443 	 -0.390948 	 -0.0494589
578 	 -0.168745 	 -0.212892 	 -0.284977
579 	 -0.267682 	 -0.0937951 	 -0.218644
580 	 -0.202856 	 -0.0290729 	 -0.0789774
581 	 -0.150027 	 -0.0696285 	 -0.13157
582 	 -0.188763 	 -0.130045 	 0.0102078
583 	 -0.138825 	 -0.262406 	 0.00765222
584 	 -0.090404 	 -0.0903924 	 0.0187263
585 	 -0.295145 	 -0.11074 	 0.0308744
586 	 -0.108977 	 0.0208576 	 -0.0342367
587 	 -0.285316 	 -0.112059 	 -0.00182926
588 	 -0.158771 	 -0.011434 	 -0.0699404
589 	 -0.282209 	 -0.170323 	 -0.0274219
590 	 0.0782742 	 -0.0109479 	 -0.0337181
591 	 -0.250554 	 -0.278934 	 0.185504
592 	 0.00542603 	 -0.176365 	 -0.054607
593 	 0.00159572 	 -0.198656 	 -0.0434589
594 	 -0.0320098 	 -0.216226 	 0.147171
595 	 -0.162602 	 -0.0302535 	 -0.195607
596 	 -0.306274 	 0.00349653 	 -0.109496
597 	 -0.0190735 	 0.0277326 	 -0.123348
598 	 0.120624 	 -0.169559 	 -0.275496
599 	 -0.114542 	 -0.188031 	 -0.068607
600 	 -0.0589665 	 -0.0440035 	 0.0720596
601 	 -0.308226 	 -0.234628 	 -0.132681
602 	 -0.245784 	 -0.275809 	 -0.104014
603 	 -0.150099 	 -0.45824 	 -0.132385
604 	 -0.2103 	 -0.029559 	 -0.196163
605 	 -0.29276 	 -0.123517 	 -0.167755
606 	 -0.0461747 	 0.00335764 	 0.010467
607 	 -0.139186 	 -0.0828229 	 -0.166977
608 	 -0.127117 	 -0.0667118 	 -0.0048663
609 	 -0.117505 	 -0.173865 	 -0.114792
610 	 -0.268839 	 -0.132476 	 -0.0632737
611 	 0.0815986 	 -0.171365 	 0.0562819
612 	 -0.0872241 	 -0.414212 	 -0.0486811
613 	 -0.192088 	 -0.109351 	 0.0327263
614 	 -0.178212 	 0.0806493 	 0.0726522
615 	 -0.60699 	 -0.286434 	 0.00843
616 	 -0.0988596 	 -0.0143507 	 -0.238903
617 	 -0.294784 	 0.0118993 	 -0.16957
618 	 -0.372618 	 -0.248031 	 -0.140977
619 	 -0.0977033 	 -0.113031 	 -0.02357
620 	 -0.296373 	 -0.213378 	 -0.0157181
621 	 -0.39495 	 -0.157545 	 -0.139163
622 	 -0.234583 	 -0.100948 	 -0.1402
623 	 -0.181681 	 -0.213031 	 0.00954111
624 	 -0.110278 	 -0.095809 	 -0.0151256
625 	 -0.500609 	 0.202594 	 -0.188089
626 	 -0.276138 	 -0.242128 	 -0.0998293
627 	 -0.31249 	 -0.216156 	 -0.138089
628 	 -0.374136 	 -0.24949 	 -0.0514219
629 	 -0.0600506 	 -0.0925451 	 0.0698744
630 	 -0.0739987 	 -0.0524757 	 0.00980037
631 	 -0.20647 	 -0.0469896 	 0.166504
632 	 -0.339808 	 0.0759271 	 -0.0191996
633 	 -0.120613 	 0.14301 	 -0.0472737
634 	 0.0881029 	 0.0525937 	 0.0776893
635 	 0.0181456 	 -0.159628 	 -0.0750144
636 	 0.0098345 	 0.0196076 	 -0.0496441
637 	 -0.0549194 	 0.0909271 	 -0.071607
638 	 -0.0204466 	 0.0457882 	 0.186393
639 	 0.00810002 	 -0.0500451 	 0.0396522
640 	 -0.0508723 	 0.0451632 	 0.144208
641 	 -0.0197962 	 0.157872 	 0.329097
642 	 -0.0951738 	 0.21558 	 -0.0508663
643 	 -0.243544 	 -0.0480313 	 0.0717263
644 	 0.0515343 	 -0.0467813 	 0.0356893
645 	 -0.0231929 	 0.0556493 	 0.0360596
646 	 0.184367 	 0.286969 	 0.132689
647 	 0.0403324 	 -0.172892 	 0.104097
648 	 0.224187 	 -0.102128 	 0.247763
649 	 0.0217591 	 0.0371076 	 0.342023
650 	 0.0131589 	 0.0451632 	 0.0733189
651 	 0.278823 	 -0.169003 	 0.0502819
652 	 0.00643781 	 -0.0536563 	 -0.0466811
653 	 -0.0169777 	 -0.0722674 	 -0.163496
654 	 -0.129068 	 0.167385 	 -0.00275519
655 	 -0.0513782 	 -0.447267 	 0.258097
656 	 0.0448132 	 0.0244687 	 0.655245
657 	 -0.0964024 	 -0.0825451 	 1.0935
658 	 0.00246296 	 0.0821771 	 25.8509
659 	 -0.140559 	 0.0246771 	 1.9558
660 	 -0.0413327 	 -0.176295 	 0.171245
661 	 0.0691682 	 0.29058 	 0.195615
662 	 0.117011 	 0.0493993 	 0.144356
663 	 0.0769011 	 -0.178031 	 0.174652
664 	 0.0239994 	 -0.276365 	 -0.0492737
665 	 -0.0130751 	 -0.0338646 	 0.0343559
666 	 -0.161879 	 -0.0931701 	 -0.06857
667 	 -0.293049 	 -0.0622674 	 -0.00245889
668 	 -0.17272 	 0.109399 	 -0.0572367
669 	 -0.147136 	 0.0322465 	 -0.147718
670 	 -0.0185676 	 0.144191 	 0.104726
671 	 0.226283 	 -0.075809 	 0.091467
672 	 0.0527629 	 0.0696771 	 -0.188829
673 	 0.107399 	 -0.00122569 	 -0.0109033
674 	 0.137969 	 0.061691 	 0.1068
675 	 0.0726371 	 -0.0925451 	 0.173763
676 	 0.119396 	 -0.405948 	 -0.03957
677 	 0.158928 	 -0.00768403 	 0.119134
678 	 0.120986 	 -0.36067 	 0.13843
679 	 0.118456 	 0.011066 	 -0.0129033
680 	 0.126695 	 -0.032684 	 0.175245
681 	 0.261045 	 0.131483 	 -0.0154589
682 	 -0.0737819 	 -0.102545 	 0.0251707
683 	 0.259238 	 -0.0488646 	 0.0536522
684 	 0.495706 	 -0.311434 	 0.0480596
685 	 0.324064 	 0.0482882 	 -0.135977
686 	 0.22332 	 0.0538437 	 0.00802259
687 	 0.23987 	 -0.0146979 	 0.0399115
688 	 -0.0552085 	 0.00509375 	 -0.0110885
689 	 0.0597731 	 -0.0485174 	 -0.00112556
690 	 -0.204591 	 -0.102823 	 -0.141348
691 	 -0.125527 	 -0.0572674 	 -0.1722
692 	 0.0654824 	 -0.154559 	 0.0138374
693 	 0.041272 	 -0.025184 	 0.254134
694 	 0.284894 	 -0.141503 	 0.133393
695 	 0.101328 	 0.0307187 	 0.07343
696 	 0.0795028 	 -0.132337 	 0.00361519
697 	 0.0734321 	 0.0430104 	 0.00428185
698 	 -0.0838274 	 0.122455 	 0.0600967
699 	 0.0426451 	 0.125927 	 -0.0303848
700 	 0.0554369 	 -0.319628 	 0.145949
701 	 -0.114831 	 -0.0826146 	 -0.0254219
702 	 -0.0737096 	 -0.132545 	 -0.129866
703 	 -0.122709 	 0.0803021 	 -0.105644
704 	 -0.0185676 	 -0.222337 	 0.0957633
705 	 -0.0969083 	 -0.0609479 	 0.0575781
706 	 0.122142 	 -0.117962 	 -0.049533
707 	 -0.216587 	 0.0457187 	 -0.065533
708 	 0.0211086 	 -0.0803229 	 -0.0236811
709 	 0.144763 	 -0.222823 	 -0.0680885
710 	 0.136813 	 -0.0836563 	 -0.0874959
711 	 0.162541 	 0.140372 	 0.134504
712 	 0.170418 	 -0.0842813 	 0.147911
713 	 0.0666387 	 -0.247128 	 -0.115459
714 	 0.0169892 	 -0.258448 	 0.125911
715 	 -0.144245 	 -0.149142 	 -0.0116811
716 	 0.00658235 	 -0.313517 	 -0.0989404
717 	 0.0742271 	 -0.205253 	 0.0273559
718 	 0.069385 	 -0.0821285 	 0.0457633
719 	 -0.0236265 	 0.0409965 	 -0.0279033
720 	 0.0472704 	 0.104608 	 0.0887633
721 	 0.0705413 	 -0.115948 	 0.00665222
722 	 0.255336 	 0.047316 	 0.0191707
723 	 0.21949 	 -0.208865 	 -0.0990144
724 	 0.278534 	 -0.188031 	 -0.01657
725 	 -0.0465361 	 0.0420382 	 0.00268926
726 	 0.183716 	 0.00203819 	 -0.0693848
727 	 0.0200968 	 0.0639826 	 0.2148
728 	 0.37805 	 -0.120045 	 0.00794852
729 	 0.256853 	 0.160094 	 -0.0817922
730 	 0.0202414 	 -0.072684 	 -0.0923478
731 	 0.44649 	 0.0455104 	 0.157504
732 	 52.2196 	 0.0507187 	 0.126023
733 	 5.69495 	 -0.353795 	 -0.155792
734 	 4.19882 	 0.0656493 	 -0.162126
735 	 0.626659 	 0.00335764 	 -0.0550144
736 	 0.338229 	 -0.151017 	 -0.0318293
737 	 0.136379 	 -0.109073 	 5.96296e-05
738 	 0.158566 	 -0.249628 	 -0.0411626
739 	 0.0899097 	 0.128497 	 0.0155781
740 	 0.345818 	 0.00398264 	 0.06843
741 	 0.174466 	 -0.118656 	 0.0289485
742 	 0.067506 	 0.00321875 	 -0.0687552
743 	 0.0392484 	 0.0393299 	 -0.050607
744 	 0.254179 	 0.000857639 	 -0.0849774
745 	 0.179019 	 0.0452326 	 -0.00182926
746 	 0.0993048 	 -0.361434 	 -0.0219404
747 	 0.147798 	 0.193635 	 -0.118089
748 	 0.0333223 	 -0.070809 	 -0.0863107
749 	 -0.0168331 	 -0.10699 	 -0.0261626
750 	 0.126261 	 -0.126851 	 0.0459856
751 	 0.223898 	 0.052941 	 -0.0857922
752 	 0.0242162 	 -0.201851 	 0.0140226
753 	 0.140499 	 -0.135809 	 -0.162385
754 	 0.172297 	 0.0163437 	 -0.121089
755 	 0.0526183 	 -0.0205313 	 -0.130237
756 	 -0.0587497 	 0.0180104 	 -0.0554589
757 	 0.165649 	 -0.0897674 	 -0.0103107
758 	 0.0501612 	 -0.0979618 	 0.0195781
759 	 -0.00960613 	 0.0427326 	 0.0301707
760 	 -0.178935 	 -0.142406 	 0.160911
761 	 0.156832 	 -0.108378 	 0.0622078
762 	 0.00636554 	 -0.14942 	 -0.00605148
763 	 0.197447 	 0.0142604 	 -0.270903
764 	 -0.0268064 	 -0.0155313 	 -0.0740144
765 	 0.252879 	 -0.310878 	 -0.0844589
766 	 -0.0720474 	 -0.33317 	 -0.0317552
767 	 0.016917 	 -0.112892 	 -0.103163
768 	 0.392866 	 -0.0749063 	 -0.118311
769 	 0.0185792 	 -0.162545 	 -0.117829
770 	 -0.133188 	 -0.0960868 	 0.0716893
771 	 0.316982 	 0.109122 	 0.172837
772 	 0.0273961 	 -0.0715729 	 -0.0621996
773 	 0.0480653 	 -0.292892 	 -0.131607
774 	 0.0198078 	 -0.107059 	 -0.0257922
775 	 0.0664942 	 -0.237823 	 -0.0771256
776 	 -0.0353342 	 0.0866215 	 -0.146311
777 	 -0.155013 	 0.0911354 	 -0.04057
778 	 0.256637 	 -0.11317 	 -0.158866
779 	 -0.0693011 	 -0.0104618 	 -0.0103107
780 	 -0.105292 	 0.120233 	 -0.175496
781 	 0.0436569 	 -0.161226 	 -0.0527922
782 	 0.156109 	 0.0324549 	 0.0750967
783 	 0.0626639 	 -0.200045 	 -0.165792
784 	 -0.00469177 	 -0.182615 	 -0.0814219
785 	 0.159506 	 -0.212337 	 -0.108311
786 	 0.194051 	 -0.145948 	 -0.0211256
787 	 0.108339 	 0.196274 	 0.0726893
788 	 0.20771 	 -0.0960868 	 -0.0514219
789 	 0.227801 	 -0.00254514 	 -0.0581256
790 	 0.345673 	 -0.33317 	 -0.038607
791 	 0.0671446 	 -0.0408785 	 0.0638004
792 	 0.0490771 	 -0.319698 	 -0.026607
793 	 -0.0176281 	 -0.013309 	 0.030393
794 	 0.0828272 	 -0.087684 	 -0.0827922
795 	 -0.124443 	 -0.205045 	 -0.0573107
796 	 0.10617 	 -0.227545 	 -0.0161626
797 	 0.00672689 	 -0.292198 	 0.054393
798 	 0.0468367 	 -0.0147674 	 0.119319
799 	 -0.0484151 	 0.150997 	 0.033467
800 	 -0.0782626 	 -0.052059 	 0.13506
801 	 0.128791 	 -0.297337 	 0.224393
802 	 -0.0338166 	 -0.130462 	 0.06343
803 	 -0.0556421 	 -0.274559 	 0.178134
804 	 0.131465 	 -0.0498368 	 -0.0193107
805 	 0.15199 	 -0.139212 	 0.0360967
806 	 -0.0863569 	 -0.0288646 	 0.0599856
807 	 0.0947518 	 -0.118656 	 0.0171337
808 	 0.112241 	 0.0313437 	 0.0263559
809 	 -0.0024514 	 0.00981597 	 -0.0653478
810 	 0.278245 	 -0.121503 	 0.00850407
811 	 -0.0595447 	 -0.139837 	 0.02943
812 	 0.00831683 	 -0.13574 	 -0.135274
813 	 -0.124082 	 -0.0824063 	 -0.120237
814 	 -0.146558 	 -0.382267 	 -0.00912556
815 	 0.255408 	 -0.212337 	 -0.0944589
816 	 0.0639647 	 -0.0897674 	 -0.0686811
817 	 0.0091118 	 -0.121503 	 -0.0887181
818 	 0.0458972 	 -0.175948 	 -0.164496
819 	 0.14787 	 -0.303101 	 0.0845041
820 	 0.137247 	 -0.183726 	 -0.276607
821 	 0.231631 	 -0.299073 	 -0.0683107
822 	 0.0181456 	 0.0371076 	 -0.0546811
823 	 -0.0951015 	 -0.0894896 	 -0.278459
824 	 -0.243616 	 -0.175809 	 -0.102977
825 	 -0.20647 	 -0.270045 	 -0.0369404
826 	 0.0389593 	 -0.00476736 	 -0.046533
827 	 -0.086935 	 -0.12949 	 0.128578
828 	 0.246302 	 -0.191434 	 -0.0217922
829 	 0.0505225 	 -0.0347674 	 -0.00279222
830 	 -0.0210248 	 -0.111573 	 -0.0757181
831 	 -0.131742 	 -0.234559 	 0.0159856
832 	 -0.15364 	 -0.169281 	 0.105726
833 	 -0.0137255 	 0.0587049 	 0.0891707
834 	 -0.0517395 	 -0.00997569 	 0.134578
835 	 0.0662051 	 -0.285878 	 0.0369485
836 	 0.0112076 	 -0.0531701 	 0.0246152
837 	 -0.129141 	 -0.127684 	 -0.0078663
838 	 -0.0219643 	 0.0125937 	 0.0765041
839 	 -0.0210248 	 -0.0935868 	 0.0495411
840 	 -0.107026 	 -0.23567 	 -0.028533
841 	 0.215081 	 0.00627431 	 0.0100967
842 	 0.0676505 	 -0.116017 	 0.0610596
843 	 -0.000500108 	 -0.305531 	 0.0367633
844 	 0.154736 	 0.387247 	 0.0097263
845 	 0.118384 	 -0.171226 	 0.0669856
846 	 0.0165556 	 -0.167962 	 -0.0390515
847 	 0.156326 	 -0.0850451 	 0.0547263
848 	 0.0792137 	 -0.0937951 	 -0.0393107
849 	 -0.052679 	 -0.127753 	 0.0868004
850 	 -0.221646 	 -0.127615 	 0.235208
851 	 0.0601344 	 -0.178656 	 0.227615
852 	 0.0809482 	 -0.246226 	 0.0588744
853 	 -0.133549 	 -0.0896285 	 0.0937263
854 	 -0.105508 	 -0.249767 	 -0.045533
855 	 -0.036346 	 0.132663 	 0.0572448
856 	 0.0389593 	 -0.0380313 	 0.255245
857 	 -0.184138 	 -0.0643507 	 0.0819485
858 	 0.127056 	 0.0603715 	 0.103541
859 	 -0.0892477 	 -0.0582396 	 0.136319
860 	 0.194195 	 -0.0219201 	 0.141282
861 	 -0.267249 	 -0.097684 	 0.110578
862 	 0.0550033 	 -0.0765729 	 0.168726
863 	 -0.0422722 	 9.375e-05 	 0.085393
864 	 -0.069518 	 -0.270601 	 0.202208
865 	 0.035924 	 -0.214628 	 -0.00257
866 	 0.112964 	 0.0184965 	 0.197615
867 	 0.049583 	 -0.0337951 	 0.15443
868 	 -0.128996 	 -0.0217813 	 0.248467
869 	 -0.0184953 	 -0.156156 	 0.146949
870 	 -0.00115054 	 -0.070809 	 0.114134
871 	 -0.0613514 	 -0.0462257 	 0.18843
872 	 -0.0458857 	 -0.0924063 	 0.0442078
873 	 -0.169973 	 0.0559271 	 0.242504
874 	 0.0223372 	 -0.14199 	 0.1128
875 	 -0.0576657 	 -0.0766424 	 0.223911
876 	 -0.07595 	 -0.104073 	 0.248578
877 	 0.131465 	 -0.124351 	 0.148171
878 	 0.013448 	 -0.032059 	 0.183467
879 	 0.0200246 	 0.0156493 	 0.173911
880 	 -0.353756 	 -0.10317 	 0.160986
881 	 0.101906 	 -0.290184 	 0.179578
882 	 0.0362131 	 -0.224003 	 0.189541
883 	 -0.189775 	 -0.176087 	 0.0122078
884 	 0.207348 	 -0.175184 	 0.183986
885 	 0.125683 	 0.0838437 	 0.144097
886 	 0.0481376 	 -0.12442 	 0.169134
887 	 -0.0773954 	 0.0495382 	 0.164763
888 	 0.239653 	 -0.0800451 	 0.0133189
889 	 -0.0727701 	 -0.156851 	 0.0330596
890 	 0.0703245 	 -0.280601 	 0.0170967
891 	 -0.0117742 	 -0.147406 	 0.153504
892 	 0.0944627 	 -0.112406 	 0.0939485
893 	 0.304552 	 -0.145323 	 0.194356
894 	 -0.128707 	 0.077316 	 1.01965
895 	 0.0861516 	 -0.0949757 	 0.298837
896 	 -0.232704 	 -0.0152535 	 0.269652
897 	 0.237774 	 -0.0106007 	 0.076467
898 	 -0.0521732 	 -0.109003 	 0.218837
899 	 -0.165348 	 0.0328715 	 0.0339115
900 	 -0.0308535 	 0.0514826 	 0.107171
901 	 -0.287195 	 -0.29074 	 0.162726
902 	 -0.252217 	 -0.135392 	 0.0828374
903 	 -0.0337443 	 0.0309965 	 0.0265411
904 	 0.0472704 	 -0.00567014 	 -0.00849593
905 	 0.0379475 	 -0.00317014 	 2.25926e-05
906 	 -0.0879468 	 -0.211156 	 0.0688374
907 	 0.180898 	 -0.165253 	 0.209911
908 	 0.0185792 	 0.14433 	 0.0929485
909 	 -0.112663 	 -0.020809 	 -0.05257
910 	 0.0941736 	 -0.305115 	 -0.0830885
911 	 0.062158 	 -0.0150451 	 0.110615
912 	 0.149243 	 -0.00823958 	 0.174615
913 	 0.00940088 	 -0.222684 	 0.170393
914 	 0.097498 	 -0.263101 	 -0.00190333
915 	 0.0789969 	 0.125024 	 -0.151311
916 	 -0.0801416 	 -0.0785174 	 -0.183237
917 	 0.0977871 	 -0.200323 	 0.192356
918 	 0.365403 	 -0.00601736 	 0.0210596
919 	 -0.166287 	 0.135372 	 0.0937263
920 	 -0.0803585 	 -0.234628 	 -0.00116259
921 	 -0.0208802 	 0.0153021 	 0.222615
922 	 0.00990677 	 -0.0913646 	 0.12343
923 	 0.0658438 	 0.219608 	 0.118949
924 	 0.0266734 	 0.0194687 	 -0.0231256
925 	 -0.0502219 	 -0.0178924 	 0.0100596
926 	 0.105881 	 0.115163 	 -0.0231996
927 	 -0.0410436 	 0.0718299 	 0.0860226
928 	 -0.0236265 	 0.117316 	 0.175171
929 	 -0.272091 	 0.172802 	 0.0212448
930 	 -0.302444 	 -0.182476 	 0.154949
931 	 0.0432232 	 0.00134375 	 -0.0470885
932 	 -0.107532 	 0.0761354 	 -0.0533848
933 	 -0.15458 	 0.00509375 	 0.205023
934 	 0.0599176 	 -0.0699063 	 -0.00142185
935 	 0.0100513 	 0.136135 	 0.378949
936 	 0.061363 	 0.119747 	 0.192171
937 	 -0.0448016 	 0.0574549 	 0.152541
938 	 -0.176911 	 -0.077059 	 0.0939485
939 	 0.111229 	 0.170858 	 0.0458004
940 	 0.135873 	 0.28808 	 0.221134
941 	 0.0439459 	 -0.161712 	 0.100134
942 	 -0.0963301 	 0.117872 	 0.0800596
943 	 0.0226986 	 -0.057684 	 0.11443
944 	 0.031371 	 0.0657882 	 -0.0052737
945 	 -0.174526 	 0.17433 	 0.04643
946 	 -0.0148096 	 -0.110184 	 -0.0563478
947 	 0.228234 	 -0.156295 	 0.123356
948 	 -0.157832 	 0.106135 	 -0.00357
949 	 0.0206027 	 -0.0243507 	 -0.0267181
950 	 0.149532 	 -0.0526146 	 0.11343
951 	 -0.0158936 	 -0.186156 	 0.0780596
952 	 -0.105725 	 0.206969 	 -0.0890885
953 	 -0.0833215 	 -0.0418507 	 -0.0651256
954 	 0.142811 	 -0.14692 	 -0.0634219
955 	 -0.0139423 	 -0.00650347 	 0.018467
956 	 -0.124371 	 -0.00935069 	 -0.11157
957 	 0.0143152 	 -0.230601 	 0.0259115
958 	 -0.0918494 	 -0.0806007 	 0.112986
959 	 -0.0742878 	 -0.111087 	 0.0749485
960 	 -0.0870796 	 -0.0222674 	 -0.0757181
961 	 0.165143 	 -0.0504618 	 -0.157051
962 	 -0.0145928 	 0.0114826 	 -0.19394
963 	 0.0285524 	 -0.196226 	 -0.1592
964 	 -0.123142 	 0.0478021 	 -0.0843107
965 	 0.162541 	 0.0239132 	 0.00502259
966 	 -0.0221811 	 -0.28942 	 -0.0872737
967 	 0.00810002 	 -0.106503 	 -0.0369774
968 	 0.0532688 	 0.0420382 	 0.151726
969 	 -0.252939 	 -0.00948958 	 -0.144237
970 	 0.0265289 	 -0.163448 	 -0.155866
971 	 -0.0575211 	 -0.148656 	 -0.0566811
972 	 -0.122709 	 -0.0927535 	 -0.0859033
973 	 0.0420669 	 -0.0426146 	 -0.139385
974 	 -0.0114129 	 -0.217615 	 0.133097
975 	 0.235751 	 -0.120323 	 0.0100596
976 	 -0.0130028 	 0.0402326 	 0.0353189
977 	 -0.319211 	 -0.0480313 	 0.0412078
978 	 0.0196632 	 -0.0411563 	 0.136874
979 	 -0.0837551 	 -0.138726 	 0.0383189
980 	 0.0394652 	 0.0253715 	 -0.0630885
981 	 -0.11924 	 -0.349003 	 -0.1222
982 	 -0.0446571 	 -0.146851 	 0.00120778
983 	 -0.0586775 	 -0.0890729 	 -0.0323848
984 	 0.112747 	 0.0268993 	 -0.145348
985 	 -0.0819484 	 -0.0224063 	 0.0416152
986 	 0.0886088 	 -0.0219201 	 -0.02057
987 	 -0.0330939 	 -0.0349757 	 0.0947263
988 	 -0.229379 	 -0.151642 	 0.0477633
989 	 0.0907769 	 -0.0534479 	 -0.03257
990 	 -0.162385 	 -0.0476146 	 0.138689
991 	 -0.0711802 	 -0.323101 	 -0.130126
992 	 -0.0851283 	 0.0689132 	 0.121726
993 	 -0.142366 	 -0.124281 	 0.0349115
994 	 -0.248314 	 -0.0919896 	 0.115356
995 	 -0.369222 	 -0.221503 	 0.0858744
996 	 -0.141354 	 -0.145045 	 -0.0177181
997 	 -0.0242769 	 -0.33449 	 -0.152163
998 	 -0.282714 	 -0.381365 	 -0.0190144
999 	 -0.100377 	 -0.395184 	 0.0278744
1000 	 -0.242532 	 -0.0250451 	 -0.0219774
1001 	 -0.250193 	 -0.332267 	 0.0943189
1002 	 -0.172864 	 -0.169837 	 -0.134829
1003 	 -0.205747 	 -0.292545 	 0.0289856
1004 	 -0.322174 	 -0.109281 	 0.0990226
1005 	 -0.139548 	 -0.355184 	 0.00909667
1006 	 -0.461583 	 -0.144073 	 -0.140385
1007 	 -0.597739 	 -0.270184 	 0.0998004
1008 	 -0.171925 	 -0.207615 	 0.0209115
1009 	 -0.220562 	 -0.214837 	 -0.00638481
1010 	 -0.25807 	 -0.0542813 	 -0.0282737
1011 	 -0.350287 	 -0.255531 	 -0.0300144
1012 	 -0.0604842 	 -0.272615 	 0.00402259
1013 	 0.0444518 	 -0.31067 	 0.132171
1014 	 -0.285388 	 -0.304281 	 0.220171
1015 	 -0.153423 	 -0.0273368 	 0.129356
1016 	 -0.0891031 	 -0.0356701 	 0.0340226
1017 	 -0.2275 	 -0.200115 	 0.18143
1018 	 -0.376665 	 -0.17942 	 0.0555781
1019 	 -0.14439 	 -0.30567 	 -0.0259033
1020 	 -0.0199407 	 -0.390253 	 -0.141866
1021 	 -0.437517 	 -0.267267 	 0.0583189
1022 	 -0.0998714 	 -0.27949 	 -0.148311
1023 	 -0.187968 	 -0.232059 	 -0.0317552
1024 	 -0.137524 	 -0.36192 	 0.0321707
1025 	 -0.12372 	 -0.203517 	 -0.0334219
1026 	 -0.146341 	 -0.364073 	 -0.188385
1027 	 -0.187029 	 -0.512684 	 -0.0880144
1028 	 -0.0302753 	 -0.264698 	 -0.0972367
1029 	 -0.30931 	 -0.236226 	 -0.151163
1030 	 -0.350721 	 -0.371573 	 -0.0687181
1031 	 -0.199532 	 -0.203656 	 0.197282
1032 	 -0.0163995 	 -0.441226 	 -0.00605148
1033 	 0.020675 	 -0.311156 	 -0.0557552
1034 	 -0.377171 	 -0.228031 	 0.119986
1035 	 -0.135067 	 -0.246295 	 -0.0711996
1036 	 -0.0195794 	 -0.236642 	 -0.00779222
1037 	 -0.368282 	 -0.291573 	 0.0856152
1038 	 -0.28004 	 -0.494767 	 0.0257633
1039 	 -0.190353 	 -0.25317 	 0.0817263
1040 	 -0.234727 	 -0.392406 	 -0.0127552
1041 	 -0.110351 	 -0.237406 	 -0.155163
1042 	 -0.11512 	 -0.204837 	 -0.104644
1043 	 -0.275849 	 -0.313795 	 -0.0108293
1044 	 -0.22049 	 -0.33324 	 0.0471337
1045 	 -0.088814 	 -0.105115 	 0.0162819
1046 	 -0.230319 	 -0.0906007 	 -0.0671256
1047 	 4.3451 	 -0.0550451 	 -0.112718
1048 	 1.94385 	 -0.124698 	 0.0312819
1049 	 -0.227139 	 -0.265809 	 -0.16657
1050 	 -0.152701 	 0.0547465 	 -0.0953848
1051 	 0.0417778 	 -0.252962 	 -0.2032
1052 	 -0.0888863 	 -0.204212 	 -0.08757
1053 	 -0.417064 	 -0.190462 	 0.00894852
1054 	 -0.0531849 	 -0.134142 	 -0.125126
1055 	 -0.249687 	 0.0193299 	 -0.126089
1056 	 -0.045452 	 -0.30074 	 -0.0149033
1057 	 -0.331641 	 -0.0735868 	 -0.0737552
1058 	 -0.477338 	 -0.317684 	 0.0295411
1059 	 -0.312923 	 -0.257476 	 -0.0238293
1060 	 -0.215792 	 -0.257337 	 -0.123496
1061 	 -0.316754 	 -0.0178229 	 -0.0350515
1062 	 -0.350431 	 0.000649306 	 0.0440967
1063 	 -0.388229 	 -0.0630313 	 -0.099533
1064 	 -0.259371 	 -0.15449 	 -0.00664407
1065 	 -0.115915 	 -0.0422674 	 0.147245
1066 	 -0.399864 	 -0.182476 	 0.0612448
1067 	 -0.327739 	 -0.170601 	 -0.0276441
1068 	 -0.255758 	 -0.162823 	 0.106356
1069 	 -0.361344 	 -0.576573 	 -0.00960704
1070 	 -0.347468 	 -0.193031 	 -0.12394
1071 	 -0.266454 	 -0.321434 	 -0.0251626
1072 	 -0.329762 	 -0.32574 	 -0.0263848
1073 	 -0.170118 	 -0.376851 	 -0.0291256
1074 	 -0.0347561 	 -0.369976 	 -0.13557
1075 	 -0.27397 	 -0.246851 	 -0.284014
1076 	 -0.0299863 	 -0.200462 	 0.00776333
1077 	 -0.298903 	 -0.335531 	 0.0107633
1078 	 -0.338362 	 -0.239559 	 0.0109856
1079 	 -0.519254 	 -0.332267 	 0.0325041
1080 	 -0.0817316 	 -0.269628 	 0.0980226
1081 	 -0.289436 	 -0.125323 	 0.225023
1082 	 -0.454428 	 -0.264073 	 -0.100051
1083 	 -0.461727 	 -0.278448 	 -0.00182926
1084 	 -0.464835 	 -0.37074 	 0.00109667
1085 	 -0.302155 	 -0.372267 	 0.0232078
1086 	 -0.45544 	 -0.16699 	 0.212208
1087 	 -0.519182 	 -0.166434 	 -0.02757
1088 	 -0.217744 	 -0.00664236 	 -0.0674959
1089 	 -0.215792 	 -0.191365 	 0.0466522
1090 	 -0.158699 	 -0.246712 	 -0.168348
1091 	 -0.11194 	 -0.0365035 	 0.315245
1092 	 -0.23227 	 -0.18699 	 2.49439
1093 	 -0.237257 	 -0.442753 	 0.504282
1094 	 -0.191943 	 -0.0921285 	 0.0399856
1095 	 -0.188836 	 -0.339559 	 0.242726
1096 	 -0.232053 	 -0.010184 	 0.152911
1097 	 -0.16795 	 -0.171573 	 0.138652
1098 	 -0.0918494 	 -0.0202535 	 0.195615
1099 	 -0.591813 	 -0.164837 	 -0.0174219
1100 	 -0.35325 	 -0.219073 	 0.1228
1101 	 -0.197291 	 -0.247128 	 0.182171
1102 	 -0.272886 	 -0.266087 	 0.0097263
1103 	 -0.190642 	 -0.111156 	 0.105504
1104 	 -0.311912 	 -0.193448 	 0.207134
1105 	 -0.182837 	 -0.0576146 	 0.0131707
1106 	 -0.153423 	 -0.288795 	 0.0973559
1107 	 -0.365825 	 -0.0847674 	 0.100837
1108 	 -0.338941 	 -0.393378 	 -0.177755
1109 	 -0.158916 	 -0.356156 	 0.0690967
1110 	 -0.173153 	 -0.134073 	 0.168467
1111 	 -0.011702 	 -0.176573 	 -0.0554589
1112 	 -0.255396 	 -0.165392 	 -0.0563478
1113 	 -0.207337 	 -0.405878 	 0.0190596
1114 	 -0.0350452 	 -0.16324 	 0.0180226
1115 	 -0.363729 	 0.0419687 	 0.0256522
1116 	 -0.203507 	 -0.189073 	 -0.0379774
1117 	 0.0512452 	 -0.0542813 	 -0.0722737
1118 	 -0.169106 	 -0.144628 	 0.0259485
1119 	 -0.128418 	 -0.102198 	 -0.144755
1120 	 -0.0105456 	 -0.0103924 	 -0.118385
1121 	 -0.259877 	 -0.133934 	 -0.152496
1122 	 -0.0674944 	 -0.254003 	 -0.138718
1123 	 -0.0512336 	 -0.0316424 	 0.172319
1124 	 -0.155302 	 -0.088309 	 -0.110311
1125 	 -0.13261 	 -0.0485174 	 -0.144089
1126 	 -0.312779 	 -0.0260868 	 -0.0607922
1127 	 -0.160795 	 -0.20949 	 -0.0723848
1128 	 -0.233426 	 0.0150937 	 -0.1342
1129 	 -0.391625 	 -0.174212 	 -0.160126
1130 	 -0.164553 	 -0.301434 	 -0.107237
1131 	 -0.0486319 	 -0.0553924 	 0.0352448
1132 	 -0.427182 	 -0.0133785 	 -0.130274
1133 	 -0.182042 	 -0.281573 	 -0.00216259
1134 	 -0.412511 	 -0.151226 	 0.0565041
1135 	 -0.311333 	 0.00176042 	 0.125726
1136 	 -0.304106 	 -0.11824 	 -0.0788663
1137 	 -0.217888 	 -0.043309 	 0.0779485
1138 	 -0.0988596 	 -0.172059 	 0.199245
1139 	 -0.249326 	 -0.125253 	 0.0352448
1140 	 -0.25518 	 -0.113517 	 0.0730596
1141 	 0.0545696 	 -0.216851 	 -0.00457
1142 	 -0.39242 	 0.0194687 	 -0.126422
1143 	 -0.116277 	 -0.102615 	 0.0173559
1144 	 -0.203579 	 -0.188656 	 -0.125533
1145 	 -0.0818761 	 -0.213795 	 0.0552448
1146 	 -0.127117 	 -0.193934 	 -0.235533
1147 	 -0.21189 	 -0.161017 	 0.194504
1148 	 -0.249976 	 -0.0806701 	 0.150726
1149 	 -0.217021 	 -0.0937257 	 0.162393
1150 	 -0.12372 	 -0.20699 	 -0.0431256
1151 	 -0.217888 	 -0.187753 	 -0.0667181
1152 	 -0.209288 	 -0.114767 	 -0.192866
1153 	 -0.213335 	 -0.106503 	 0.0602819
1154 	 -0.0871518 	 -0.0125451 	 -0.0614959
1155 	 -0.207048 	 -0.0167813 	 -0.288274
1156 	 -0.343855 	 -0.146503 	 -0.0679774
1157 	 -0.283943 	 -0.260531 	 -0.000866296
1158 	 -0.393143 	 -0.275253 	 0.0440226
1159 	 -0.415474 	 -0.063934 	 -0.0768293
1160 	 -0.30996 	 -0.00553125 	 -0.315089
1161 	 -0.333014 	 -0.032684 	 -0.186977
1162 	 -0.157037 	 -0.121642 	 0.0021337
1163 	 -0.368933 	 -0.0994896 	 -0.090607
1164 	 -0.108471 	 -0.0437257 	 -0.2412
1165 	 -0.240581 	 -0.201365 	 -0.0797552
1166 	 -0.0312871 	 -0.0956701 	 -0.0584959
1167 	 -0.386928 	 -0.351503 	 -0.301755
1168 	 -0.490708 	 -0.427753 	 -0.212644
1169 	 -0.176188 	 -0.288101 	 -0.174274
1170 	 -0.21984 	 -0.346851 	 0.0621707
1171 	 -0.340241 	 -0.234767 	 -0.110977
1172 	 -0.183849 	 -0.147684 	 -0.10757
1173 	 -0.124443 	 -0.00407292 	 0.0308744
1174 	 -0.0752996 	 -0.176156 	 0.00735593
1175 	 -0.196352 	 -0.229976 	 -0.271237
1176 	 -0.424075 	 -0.157476 	 -0.0351256
1177 	 -0.443515 	 -0.0487257 	 0.0132448
1178 	 -0.363368 	 -0.0352535 	 -0.0423107
1179 	 -0.33193 	 -0.126851 	 -0.0150885
1180 	 -0.244411 	 -0.268656 	 -0.124422
1181 	 -0.130152 	 -0.125253 	 0.0459856
1182 	 -0.0287577 	 -0.232823 	 -0.0928293
1183 	 -0.30613 	 0.0737743 	 -0.0870515
1184 	 -0.173948 	 0.169399 	 -0.0619774
1185 	 -0.324703 	 -0.138934 	 -0.110051
1186 	 -0.304901 	 -0.0223368 	 -0.217644
1187 	 -0.406007 	 -0.171434 	 0.0211707
1188 	 -0.142005 	 -0.32324 	 -0.280977
1189 	 -0.0790576 	 -0.00268403 	 -0.199014
1190 	 -0.321523 	 -0.140601 	 0.0647263
1191 	 -0.157615 	 -0.145045 	 -0.0371256
1192 	 -0.174671 	 -0.252337 	 0.00305963
1193 	 -0.339663 	 -0.124628 	 0.0252078
1194 	 -0.304757 	 -0.177753 	 -0.0539774
1195 	 -0.34624 	 -0.121781 	 -0.0571626
1196 	 -0.255107 	 -0.272753 	 -0.243422
1197 	 -0.568687 	 -0.161712 	 -0.179866
1198 	 -0.0328771 	 -0.0184479 	 -0.0658293
1199 	 -0.295217 	 -0.366642 	 0.0641337
1200 	 -0.196424 	 -0.283587 	 -0.0712367
1201 	 -0.321596 	 -0.356781 	 0.0406152
1202 	 -0.287918 	 -0.179073 	 -0.0227922
1203 	 -0.35643 	 -0.31949 	 -0.103422
1204 	 -0.415908 	 -0.0812257 	 0.0420226
1205 	 -0.152701 	 -0.237198 	 -0.116496
1206 	 -0.247374 	 -0.327823 	 -0.108755
1207 	 -0.234294 	 -0.338101 	 0.0828004
1208 	 -0.249976 	 -0.342753 	 0.103615
1209 	 -0.00657079 	 -0.128378 	 -0.147496
1210 	 -0.235667 	 0.350441 	 -0.0198293
1211 	 -0.148581 	 -0.250045 	 -0.119237
1212 	 -0.0449462 	 -0.420809 	 -0.0593478
1213 	 -0.230319 	 -0.30199 	 -0.0239033
1214 	 -0.313429 	 -0.196712 	 -0.04657
1215 	 -0.300637 	 -0.263031 	 0.0136152
1216 	 -0.226199 	 -0.13567 	 -0.110274
1217 	 -0.0924998 	 -0.196226 	 0.108356
1218 	 -0.416125 	 -0.0890729 	 -0.119977
1219 	 -0.116783 	 -0.31317 	 -0.174014
1220 	 -0.231403 	 -0.144003 	 -0.132274
1221 	 -0.180741 	 -0.355531 	 -0.026533
1222 	 -0.234872 	 -0.315462 	 -0.0726441
1223 	 -0.446984 	 -0.179767 	 -0.0364959
1224 	 -0.272524 	 -0.175115 	 -0.0221256
1225 	 -0.0773231 	 -0.139837 	 0.0198744
1226 	 -0.189053 	 -0.23567 	 -0.0474589
1227 	 -0.239858 	 -0.299281 	 0.0489856
1228 	 -0.274042 	 -0.21199 	 0.00480037
1229 	 -0.342193 	 -0.214906 	 -0.10457
1230 	 -0.135356 	 -0.0231007 	 -0.0932737
1231 	 -0.00223459 	 -0.167337 	 0.130208
1232 	 -0.289869 	 -0.345115 	 0.0677633
1233 	 -0.480662 	 -0.0965729 	 0.133467
1234 	 -0.377171 	 -0.448934 	 -0.128866
1235 	 -0.22208 	 -0.166851 	 -0.00401444
1236 	 -0.266454 	 -0.36324 	 0.00991148
1237 	 -0.154291 	 -0.200184 	 -0.146126
1238 	 -0.484275 	 -0.187615 	 -0.1682
1239 	 -0.0852005 	 -0.136017 	 -0.139311
1240 	 -0.18992 	 -0.244767 	 0.011467
1241 	 -0.291026 	 -0.174976 	 -0.0963107
1242 	 -0.294205 	 -0.145809 	 -0.119385
1243 	 -0.300204 	 -0.389976 	 0.0516152
1244 	 -0.298036 	 -0.465045 	 0.0345041
1245 	 -0.297602 	 -0.241156 	 0.00202259
1246 	 -0.266815 	 -0.217615 	 0.01343
1247 	 -0.237546 	 -0.243726 	 0.107949
1248 	 -0.0662658 	 -0.136017 	 0.0675781
1249 	 -0.344578 	 -0.0951146 	 -0.148681
1250 	 -0.496128 	 -0.216087 	 -0.1752
1251 	 -0.300999 	 -0.0485868 	 -0.167644
1252 	 -0.205313 	 -0.245184 	 -0.0696811
1253 	 -0.156459 	 -0.150253 	 0.0142078
1254 	 -0.464763 	 -0.115253 	 -0.018607
1255 	 -0.212396 	 -0.130601 	 0.164615
1256 	 -0.312851 	 -0.195531 	 -0.131977
1257 	 -0.175683 	 -0.178448 	 -0.25257
1258 	 -0.213697 	 -0.260184 	 -0.134348
1259 	 -0.311189 	 0.0865521 	 0.00357815
1260 	 -0.0503664 	 0.00794097 	 0.0329485
1261 	 -0.0628691 	 -0.456642 	 -0.0593107
1262 	 -0.381363 	 0.0936354 	 0.016467
1263 	 -0.236462 	 -0.0269201 	 -0.0879774
1264 	 -0.212974 	 0.036066 	 -0.0766441
1265 	 -0.156459 	 -0.20317 	 -0.0707922
1266 	 -0.32969 	 -0.136573 	 -0.0329774
1267 	 -0.224103 	 -0.0550451 	 -0.0534589
1268 	 -0.130442 	 -0.222198 	 0.131986
1269 	 -0.0420554 	 -0.138031 	 -0.0189404
1270 	 -0.448357 	 -0.0490729 	 -0.0119774
1271 	 -0.193895 	 0.0243299 	 0.0910596
1272 	 -0.0755164 	 -0.0667118 	 -0.0348293
1273 	 -0.141065 	 -0.386503 	 -0.103829
1274 	 -0.216732 	 -0.110948 	 0.0121337
1275 	 -0.308876 	 -0.188726 	 -0.0119774
1276 	 -0.0928612 	 -0.208031 	 0.00254111
1277 	 -0.201411 	 -0.310462 	 -0.0568663
1278 	 -0.150244 	 -0.00539236 	 -0.0714219
1279 	 0.0247944 	 -0.0425451 	 -0.108533
1280 	 -0.127623 	 0.127594 	 -0.0383107
1281 	 0.0521847 	 -0.11192 	 -0.1722
1282 	 0.00744959 	 -0.095809 	 -0.0512367
1283 	 -0.249904 	 -0.148656 	 0.159726
1284 	 -0.0278904 	 -0.190948 	 -0.0161256
1285 	 -0.120468 	 -0.281503 	 -0.00668111
1286 	 -0.24022 	 -0.132962 	 0.142578
1287 	 -0.223959 	 -0.111017 	 0.0171707
1288 	 -0.173731 	 -0.0324063 	 0.0730596
1289 	 -0.186668 	 -0.204003 	 0.100245
1290 	 -0.000138758 	 0.0486354 	 0.1028
1291 	 -0.0878745 	 -0.196642 	 0.0425781
1292 	 -0.260961 	 0.079816 	 0.154319
1293 	 -0.171491 	 -0.250392 	 -0.116459
1294 	 -0.233065 	 -0.0646285 	 -0.0907922
1295 	 -0.0597615 	 -0.243934 	 -0.00431074
1296 	 0.0448132 	 -0.195392 	 0.0200967
1297 	 -0.399647 	 -0.265184 	 -0.233348
1298 	 -0.0268064 	 -0.0959479 	 -0.00760704
1299 	 0.0182178 	 0.120163 	 -0.2032
1300 	 -0.16094 	 -0.293309 	 -0.0727922
1301 	 -0.045452 	 -0.144767 	 0.0925041
1302 	 -0.070602 	 -0.43817 	 -0.0654959
1303 	 -0.320656 	 -0.193031 	 -0.114718
1304 	 0.075817 	 -0.239073 	 0.0798374
1305 	 -0.302011 	 -0.0615729 	 -0.0631626
1306 	 -0.191654 	 -0.16192 	 -0.00757
1307 	 0.0476317 	 -0.263309 	 0.158726
1308 	 -0.295434 	 -0.117615 	 0.119949
1309 	 -0.0838274 	 -0.246712 	 -0.0660144
1310 	 -0.0956797 	 -0.324073 	 0.140578
1311 	 -0.325354 	 -0.387684 	 0.0675411
1312 	 -0.0251442 	 -0.252059 	 0.156171
1313 	 -0.0790576 	 -0.313656 	 -0.00631074
1314 	 0.0670723 	 -0.0582396 	 0.0378374
1315 	 -0.191727 	 -0.375045 	 0.0846893
1316 	 -0.112157 	 -0.16692 	 -0.0419774
1317 	 -0.194762 	 -0.518656 	 -0.012607
1318 	 0.120913 	 -0.306017 	 0.102837
1319 	 -0.226416 	 -0.389073 	 -0.0740515
1320 	 0.00629327 	 -0.133101 	 -0.053533
1321 	 -0.0995823 	 -0.136017 	 0.311874
1322 	 -0.0334552 	 -0.187545 	 -0.0251996
1323 	 -0.109917 	 -0.249003 	 -0.0543107
1324 	 -0.104858 	 -0.403795 	 -0.0326811
1325 	 -0.271513 	 -0.131851 	 -0.13857
1326 	 -0.177851 	 -0.164559 	 0.00128185
1327 	 -0.0835383 	 -0.327337 	 -0.0908293
1328 	 -0.281558 	 -0.119073 	 -0.0361256
1329 	 0.156976 	 -0.0283785 	 -0.10157
1330 	 -0.153351 	 -0.146712 	 -0.0992737
1331 	 -0.230319 	 -0.179003 	 -0.107718
1332 	 -0.113314 	 -0.156087 	 -0.24794
1333 	 -0.139475 	 -0.274837 	 -0.0560885
1334 	 -0.132465 	 0.116205 	 0.0375411
1335 	 0.0635311 	 -0.195531 	 0.105504
1336 	 0.0568823 	 -0.109837 	 -0.270348
1337 	 -0.125599 	 -0.150253 	 -0.209866
1338 	 -0.223887 	 -0.239698 	 -0.100533
1339 	 -0.126973 	 -0.0207396 	 -0.0943848
1340 	 -0.235956 	 -0.225531 	 0.00105963
1341 	 -0.0689398 	 -0.207198 	 -0.0124219
1342 	 -0.241882 	 -0.412753 	 -0.0488293
1343 	 0.00340247 	 -0.216712 	 -0.137718
1344 	 -0.142294 	 -0.160809 	 -0.112755
1345 	 0.139559 	 -0.115948 	 0.0215041
1346 	 -0.0610624 	 0.0605104 	 -0.0416441
1347 	 -0.0355511 	 -0.129073 	 0.156726
1348 	 -0.256336 	 -0.218726 	 0.1658
1349 	 -0.162385 	 -0.162059 	 0.162763
1350 	 -0.243544 	 -0.162059 	 0.175319
1351 	 -0.392493 	 -0.0933785 	 -0.00342185
1352 	 0.01988 	 -0.201781 	 0.0816152
1353 	 -0.255035 	 -0.110462 	 0.0633189
1354 	 -0.0780458 	 -0.325253 	 -0.0361626
1355 	 -0.198954 	 -0.130184 	 0.0998744
1356 	 -0.181753 	 -0.175531 	 -0.0291626
1357 	 -0.309238 	 -0.197267 	 -0.148496
1358 	 -0.236534 	 -0.33449 	 0.104652
1359 	 -0.054269 	 -0.38067 	 -0.121459
1360 	 -0.152918 	 -0.209698 	 0.0112078
1361 	 -0.247085 	 -0.150462 	 0.00298556
1362 	 -0.000716918 	 -0.0460174 	 0.128689
1363 	 -0.0456689 	 -0.329767 	 0.188986
1364 	 -0.0374301 	 -0.152198 	 0.0642078
1365 	 -0.125455 	 -0.404003 	 0.143689
1366 	 -0.0419831 	 -0.18817 	 -0.187014
1367 	 -0.187463 	 -0.085809 	 0.0558374
1368 	 -0.208349 	 -0.159003 	 -0.0147181
1369 	 -0.406224 	 0.0419687 	 0.0811707
1370 	 -0.155519 	 0.00106597 	 0.05243
1371 	 0.077696 	 0.16308 	 0.157615
1372 	 0.0321659 	 -0.212753 	 -0.00201444
1373 	 -0.186306 	 -0.129906 	 -0.206089
1374 	 -0.142149 	 -0.221226 	 -0.143348
1375 	 -0.114831 	 -0.188448 	 0.205023
1376 	 -0.110784 	 -0.190601 	 -0.0564589
1377 	 -0.302372 	 -0.316573 	 0.209541
1378 	 -0.196496 	 -0.49074 	 0.0173559
1379 	 -0.0468974 	 -0.285045 	 0.00376333
1380 	 -0.212396 	 -0.237128 	 0.1838
1381 	 -0.1342 	 -0.148795 	 0.0415041
1382 	 -0.0701684 	 -0.00532292 	 0.00580037
1383 	 -0.36438 	 -0.366573 	 0.159504
1384 	 -0.116927 	 -0.259073 	 0.0710967
1385 	 -0.221068 	 0.0951632 	 -0.0887922
1386 	 -0.263346 	 0.0319687 	 -0.0471996
1387 	 -0.22273 	 -0.370809 	 0.151986
1388 	 -0.239786 	 -0.271712 	 15.878
1389 	 -0.223525 	 -0.14692 	 3.86506
1390 	 -0.230463 	 -0.12942 	 1.08043
1391 	 -0.175177 	 -0.0113646 	 -0.0589033
1392 	 -0.389674 	 -0.212823 	 0.248689
1393 	 -0.126611 	 -0.133865 	 0.193504
1394 	 -0.175466 	 -0.321503 	 0.0210967
1395 	 -0.214636 	 -0.0829618 	 0.00861519
1396 	 -0.0828879 	 -0.0831701 	 0.197245
1397 	 -0.119673 	 -0.100878 	 0.0130967
1398 	 -0.159277 	 -0.10442 	 0.213504
1399 	 -0.286473 	 -0.0610174 	 0.00117074
1400 	 -0.134272 	 -0.139073 	 0.223763
1401 	 -0.221574 	 -0.163865 	 0.00424481
1402 	 -0.299987 	 -0.0597674 	 -0.00342185
1403 	 -0.257275 	 -0.118031 	 -0.215348
1404 	 -0.42328 	 -0.286781 	 0.127911
1405 	 -0.223019 	 -0.156295 	 0.13043
1406 	 -0.252939 	 -0.218587 	 -0.0360885
1407 	 -0.142511 	 -0.322059 	 -0.05657
1408 	 0.197953 	 0.0175243 	 0.189874
1409 	 -0.144968 	 -0.268726 	 -0.117126
1410 	 -0.1183 	 -0.0840729 	 -0.180792
1411 	 -0.12401 	 -0.085809 	 -0.13857
1412 	 -0.279535 	 -0.272337 	 0.0895781
1413 	 -0.203217 	 -0.270462 	 -0.151829
1414 	 -0.253301 	 0.0494687 	 0.0516152
1415 	 -0.295289 	 -0.331156 	 0.0526522
1416 	 -0.164336 	 -0.172753 	 -0.0368663
1417 	 -0.221502 	 0.00724653 	 -0.0670144
1418 	 -0.0166163 	 -0.379351 	 0.180356
1419 	 -0.189631 	 -0.0507396 	 -0.0581626
1420 	 -0.214347 	 -0.256365 	 -0.0270885
1421 	 -0.206036 	 -0.441365 	 0.00761519
1422 	 -0.337134 	 -0.169837 	 0.0500226
1423 	 -0.332075 	 -0.0874063 	 -0.112126
1424 	 -0.312273 	 -0.133865 	 -0.033607
1425 	 -0.232993 	 -0.0949757 	 -0.0713848
1426 	 -0.319789 	 -0.173726 	 0.114615
1427 	 -0.18197 	 0.00398264 	 0.289652
1428 	 -0.149954 	 -0.105601 	 0.0271707
1429 	 -0.338579 	 -0.164281 	 -0.08757
1430 	 -0.150316 	 0.0864826 	 0.139689
1431 	 -0.151472 	 -0.386851 	 0.0432448
1432 	 -0.291459 	 -0.118517 	 0.0563189
1433 	 -0.310394 	 -0.177823 	 0.199911
1434 	 -0.174093 	 -0.0446285 	 0.0246522
1435 	 -0.0779013 	 -0.189142 	 0.127652
1436 	 -0.126973 	 -0.334003 	 0.0275041
1437 	 -0.177562 	 -0.188795 	 -0.0573107
1438 	 -0.231547 	 -0.476781 	 -0.103385
1439 	 -0.296879 	 -0.341851 	 -0.0414219
1440 	 -0.159422 	 -0.263726 	 0.235393
1441 	 -0.223887 	 -0.262406 	 -0.0566441
1442 	 -0.256191 	 0.047941 	 -0.0560885
1443 	 -0.266671 	 -0.197476 	 0.0475411
1444 	 -0.150099 	 -0.180948 	 -0.212422
1445 	 -0.103268 	 0.0356493 	 0.0605041
1446 	 -0.217382 	 -0.339628 	 0.179208
1447 	 -0.211312 	 0.104538 	 -0.102422
1448 	 -0.316103 	 -0.155462 	 0.00361519
1449 	 -0.0629414 	 0.035441 	 -0.0770515
1450 	 -0.270139 	 -0.406573 	 -0.00057
1451 	 0.0279743 	 -0.10817 	 -0.0413848
1452 	 -0.179513 	 -0.068934 	 -0.166089
1453 	 -0.0803585 	 -0.195809 	 0.129763
1454 	 -0.120541 	 -0.257823 	 -0.0454589
1455 	 -0.0630859 	 -0.317892 	 -0.198459
1456 	 -0.21955 	 -0.220045 	 0.108837
1457 	 0.00123437 	 -0.263448 	 -0.0164589
1458 	 -0.150605 	 -0.302059 	 0.0398744
1459 	 -0.318054 	 -0.11449 	 0.0743189
1460 	 -0.340169 	 -0.10949 	 -0.0224959
1461 	 -0.134344 	 -0.165601 	 0.00976333
1462 	 -0.0898258 	 -0.0228229 	 -0.0290144
1463 	 -0.407308 	 -0.226365 	 -0.00616259
1464 	 -0.33352 	 -0.16567 	 -0.17094
1465 	 -0.277366 	 -0.133101 	 0.119689
1466 	 -0.11288 	 -0.407476 	 -0.0483478
1467 	 -0.13709 	 0.179052 	 -0.01657
1468 	 -0.293555 	 -0.241642 	 -0.0371626
1469 	 -0.218683 	 -0.286503 	 0.178911
1470 	 -0.0982814 	 -0.119976 	 0.0621707
1471 	 -0.129791 	 -0.127198 	 0.081467
1472 	 0.054931 	 -0.0151146 	 -0.101126
1473 	 0.0120026 	 -0.219142 	 -0.0548663
1474 	 -0.200616 	 -0.175253 	 -0.0783848
1475 	 -0.237907 	 -0.133587 	 -0.055533
1476 	 -0.178068 	 0.0270382 	 -0.0640885
1477 	 -0.147786 	 -0.134628 	 0.113208
1478 	 -0.0247106 	 -0.314281 	 0.0839856
1479 	 -0.00274048 	 0.0380799 	 0.206467
1480 	 0.088392 	 -0.276573 	 -0.160348
1481 	 9.07849 	 -0.18567 	 2.25926e-05
1482 	 0.362151 	 -0.175809 	 0.0696522
1483 	 -0.0492101 	 0.0839826 	 0.0262448
1484 	 -0.0924275 	 0.0387049 	 0.0535041
1485 	 -0.0601229 	 -0.294073 	 0.0632078
1486 	 -0.0396704 	 -0.0743507 	 0.156282
1487 	 -0.227789 	 -0.0169896 	 0.00568926
1488 	 -0.252433 	 -0.156156 	 0.0411707
1489 	 0.137897 	 -0.132059 	 0.0347633
1490 	 -0.318922 	 0.00453819 	 -0.0291996
1491 	 -0.075155 	 -0.090809 	 0.0357263
1492 	 -0.0546303 	 0.0493299 	 -0.0907922
1493 	 -0.226994 	 -0.255462 	 -0.0498293
1494 	 0.0273238 	 -0.231781 	 0.100541
1495 	 -0.399575 	 0.197108 	 0.0127263
1496 	 -0.100377 	 -0.166781 	 0.0201707
1497 	 -0.145257 	 -0.0821285 	 0.144615
1498 	 -0.251855 	 -0.162962 	 0.045467
1499 	 -0.175899 	 -0.258031 	 -0.0752737
1500 	 -0.217599 	 -0.137684 	 0.025393
1501 	 -0.30071 	 -0.106573 	 -0.145237
1502 	 -0.286834 	 -0.355323 	 0.0041337
1503 	 -0.313068 	 -0.0831007 	 -0.130866
1504 	 -0.140993 	 -0.10949 	 -0.0414219
1505 	 -0.285388 	 0.0475243 	 0.00928185
1506 	 -0.162529 	 -0.12692 	 0.00376333
1507 	 -0.414607 	 -0.19074 	 0.0261707
1508 	 -0.309165 	 0.216066 	 -0.0494959
1509 	 -0.168745 	 0.0118993 	 -0.180274
1510 	 -0.132321 	 -0.315601 	 0.187652
1511 	 -0.117433 	 -0.426851 	 0.024393
1512 	 -0.247447 	 -0.217059 	 -0.0161626
1513 	 -0.350793 	 -0.377823 	 -0.0730885
1514 	 0.158422 	 -0.137476 	 0.102134
1515 	 -0.20488 	 -0.0611563 	 0.0402819
1516 	 -0.137813 	 -0.250531 	 -0.0253478
1517 	 -0.33988 	 -0.146851 	 0.0205411
1518 	 -0.283943 	 -0.200601 	 0.0958374
1519 	 0.00947315 	 -0.106434 	 0.0485041
1520 	 -0.178862 	 -0.204906 	 -0.0171256
1521 	 -0.213986 	 -0.197267 	 -0.15157
1522 	 -0.118806 	 -0.284837 	 0.133319
1523 	 -0.14027 	 -0.175045 	 -0.130459
1524 	 -0.288424 	 0.057316 	 -0.217348
1525 	 -0.148148 	 -0.472476 	 -0.137718
1526 	 -0.0857064 	 -0.242198 	 0.0282078
1527 	 -0.368643 	 -0.125115 	 -0.0559033
1528 	 -0.118517 	 -0.191642 	 -0.0189033
1529 	 -0.129213 	 0.0100243 	 0.0575781
1530 	 0.00968996 	 -0.471017 	 -0.0038663
1531 	 0.00195707 	 -0.190531 	 0.155837
1532 	 -0.224826 	 -0.14699 	 0.135615
1533 	 -0.329762 	 -0.374073 	 0.0693559
1534 	 0.0264566 	 -0.156226 	 0.16443
1535 	 -0.152412 	 -0.241226 	 -0.0156441
1536 	 -0.192594 	 -0.300809 	 0.0111337
1537 	 -0.430868 	 -0.416573 	 0.0646893
1538 	 0.0404047 	 -0.233934 	 0.144319
1539 	 -0.0368519 	 -0.421503 	 -0.094533
1540 	 -0.279679 	 -0.399281 	 0.00402259
1541 	 -0.183632 	 -0.342753 	 -0.00282926
1542 	 -0.077829 	 -0.193031 	 0.0456152
1543 	 -0.153713 	 -0.479212 	 0.0331337
1544 	 -0.175683 	 -0.0916424 	 0.151245
1545 	 -0.114398 	 -0.0851146 	 -0.0937181
1546 	 -0.0868628 	 -0.0382396 	 0.156282
1547 	 -0.0698793 	 -0.433656 	 -0.0529404
1548 	 -0.0182063 	 0.00773264 	 -0.101274
1549 	 -0.0943788 	 -0.340392 	 -0.0224219
1550 	 -0.112591 	 -0.181017 	 0.0100596
1551 	 -0.0880913 	 -0.151712 	 -0.19094
1552 	 -0.150605 	 0.012941 	 -0.139348
1553 	 -0.193244 	 -0.293934 	 -0.0240515
1554 	 -0.168672 	 -0.0668507 	 0.0972819
1555 	 -0.425303 	 -0.182406 	 0.0659485
1556 	 -0.405212 	 -0.170809 	 -0.018533
1557 	 -0.194111 	 -0.00983681 	 0.0100967
1558 	 0.0179287 	 -0.0824063 	 -0.0679033
1559 	 -0.177345 	 -0.328031 	 0.0286893
1560 	 -0.0487042 	 -0.338101 	 -0.0827922
1561 	 -0.289219 	 -0.469628 	 -0.17394
1562 	 -0.326366 	 -0.364767 	 -0.282126
1563 	 -0.148943 	 -0.0378229 	 -0.0830515
1564 	 -0.232776 	 -0.369628 	 -0.192089
1565 	 -0.179441 	 -0.183309 	 -0.279496
1566 	 -0.193822 	 -0.298101 	 -0.0564959
1567 	 -0.303384 	 -0.136781 	 0.0720596
1568 	 -0.264647 	 -0.396434 	 -0.117977
1569 	 -0.0278904 	 -0.0717118 	 -0.342866
1570 	 -0.293555 	 -0.118378 	 -0.0178663
1571 	 -0.291315 	 -0.288309 	 0.00305963
1572 	 -0.0369242 	 -0.171226 	 -0.0929404
1573 	 -0.245784 	 -0.117198 	 -0.110237
1574 	 -0.296735 	 -0.189281 	 -0.179866
1575 	 -0.0335275 	 -0.132753 	 -0.0472367
1576 	 0.0718422 	 -0.289906 	 0.017467
1577 	 -0.218033 	 -0.194559 	 -0.263163
1578 	 -0.112374 	 -0.362684 	 -0.108533
1579 	 -0.240726 	 0.0496076 	 -0.0188663
1580 	 -0.124805 	 -0.233865 	 0.249911
1581 	 -0.0364183 	 -0.138101 	 -0.000347778
1582 	 -0.250121 	 -0.235045 	 -0.344014
1583 	 -0.304685 	 -0.142267 	 -0.0199033
1584 	 -0.234077 	 -0.182337 	 -0.00512556
1585 	 -0.290736 	 0.0807882 	 -0.01457
1586 	 -0.0634473 	 -0.19817 	 -0.172718
1587 	 -0.0416217 	 -0.300323 	 0.156356
1588 	 -0.0315762 	 -0.163726 	 -0.191977
1589 	 -0.167372 	 -0.0838646 	 -0.178089
1590 	 -0.350576 	 -0.0858785 	 -0.143126
1591 	 -0.277583 	 -0.111573 	 -0.172903
1592 	 -0.536599 	 -0.186712 	 -0.190866
1593 	 -0.482541 	 -0.0615035 	 -0.153348
1594 	 -0.133477 	 -0.150184 	 0.534023
1595 	 -0.150316 	 -0.235948 	 -0.182681
1596 	 -0.242171 	 -0.134351 	 0.119356
1597 	 -0.285172 	 -0.298865 	 -0.212348
1598 	 -0.406874 	 -0.107476 	 -0.174422
1599 	 -0.267176 	 -0.0994201 	 -0.0420144
1600 	 -0.215287 	 -0.465115 	 -0.232607
1601 	 -0.225766 	 -0.171712 	 -0.139829
1602 	 -0.235594 	 -0.155531 	 -0.253718
1603 	 -0.317187 	 -0.128031 	 -0.128274
1604 	 0.0516788 	 -0.122684 	 0.010467
1605 	 -0.112591 	 0.0255799 	 -0.00901444
1606 	 -0.206325 	 -0.21574 	 -0.252051
1607 	 -0.266237 	 -0.197406 	 -0.1862
1608 	 -0.590007 	 -0.254073 	 -0.111385
1609 	 -0.161807 	 -0.306434 	 -0.141607
1610 	 -0.0862846 	 -0.305392 	 -0.280681
1611 	 -0.224393 	 -0.205809 	 -0.0368293
1612 	 -0.150533 	 -0.286573 	 -0.182385
1613 	 -0.0618573 	 -0.175392 	 -0.166385
1614 	 -0.21413 	 -0.132962 	 -0.258496
1615 	 -0.0287577 	 -0.0981007 	 0.04843
1616 	 -0.137669 	 -0.0425451 	 -0.0609774
1617 	 -0.0514505 	 -0.441503 	 -0.111422
1618 	 -0.294422 	 -0.237476 	 -0.0622737
1619 	 -0.0695902 	 -0.212892 	 -0.186459
1620 	 -0.353828 	 -0.309976 	 0.0148004
1621 	 -0.0924998 	 -0.224281 	 -0.231089
1622 	 -0.259227 	 -0.25824 	 -0.0371626
1623 	 -0.300276 	 -0.330045 	 -0.0771256
1624 	 -0.336339 	 -0.129351 	 -0.0329033
1625 	 -0.279173 	 -0.186642 	 -0.0644959
1626 	 -0.225766 	 0.0298854 	 0.0323559
1627 	 -0.223381 	 -0.36199 	 -0.044533
1628 	 -0.259299 	 -0.116017 	 0.05143
1629 	 -0.467726 	 -0.534003 	 -0.117533
1630 	 0.00918407 	 -0.265323 	 -0.143014
1631 	 -0.240364 	 -0.0893507 	 -0.0169033
1632 	 0.151845 	 0.164469 	 -0.0493107
1633 	 -0.0997268 	 -0.201017 	 0.0876893
1634 	 -0.0674221 	 0.0700243 	 -0.00508852
1635 	 -0.219334 	 -0.135878 	 -0.087607
1636 	 -0.262262 	 -0.241226 	 0.22543
1637 	 -0.175177 	 -0.455809 	 -0.145903
1638 	 -0.17337 	 0.104677 	 0.0495411
1639 	 -0.33923 	 -0.318448 	 0.0160967
1640 	 -0.180236 	 -0.194281 	 0.00854111
1641 	 -0.220273 	 -0.177337 	 0.0479115
1642 	 -0.207987 	 -0.0400451 	 -0.098607
1643 	 -0.257637 	 -0.314906 	 0.00765222
1644 	 -0.240003 	 -0.106503 	 -0.0604589
1645 	 -0.0846947 	 -0.277892 	 -0.0103478
1646 	 -0.126105 	 -0.0683785 	 -0.00701444
1647 	 -0.132393 	 -0.221365 	 -0.00468111
1648 	 -0.363657 	 -0.158587 	 -0.0527552
1649 	 -0.303022 	 -0.141365 	 -0.0141996
1650 	 -0.347685 	 -0.413865 	 -0.0516811
1651 	 -0.350287 	 -0.273587 	 -0.03957
1652 	 -0.177923 	 -0.506226 	 0.0969856
1653 	 -0.178573 	 -0.324559 	 -0.089533
1654 	 -0.0943066 	 -0.257476 	 0.0509485
1655 	 -0.0857787 	 -0.333517 	 0.0938374
1656 	 -0.0886695 	 0.0282187 	 0.03643
1657 	 -0.0726256 	 -0.154073 	 0.133504
1658 	 -0.113964 	 -0.0962257 	 0.00731889
1659 	 -0.153496 	 -0.153587 	 -0.0556441
1660 	 -0.0632305 	 -0.0406701 	 -0.0478663
1661 	 -0.172864 	 -0.0946285 	 0.01343
1662 	 -0.0477647 	 -0.0796979 	 0.0343189
1663 	 -0.150171 	 -0.268101 	 0.0758004
1664 	 -0.291604 	 -0.122406 	 -0.0126811
1665 	 -0.299626 	 -0.32942 	 -0.169755
1666 	 -0.293121 	 -0.296087 	 -0.0873848
1667 	 -0.212034 	 -0.192198 	 0.0332819
1668 	 -0.0375746 	 -0.0756701 	 0.0238374
1669 	 -0.21413 	 -0.403795 	 -0.200385
1670 	 0.0259507 	 -0.392476 	 -0.0579404
1671 	 -0.166432 	 -0.062684 	 0.000133704
1672 	 -0.0982814 	 -0.257476 	 0.0460596
1673 	 0.00636554 	 -0.283031 	 -0.0526441
1674 	 -0.139837 	 -0.136712 	 0.0282078
1675 	 -0.0560757 	 -0.22942 	 -0.192718
1676 	 -0.286689 	 -0.150462 	 -0.0454589
1677 	 -0.126467 	 -0.362545 	 -0.0920515
1678 	 -0.233643 	 -0.185878 	 0.0187633
1679 	 -0.419594 	 -0.194906 	 -0.0537552
1680 	 -0.337134 	 -0.169003 	 -0.0903107
1681 	 -0.207843 	 -0.293378 	 -0.0629404
1682 	 -0.258432 	 -0.158309 	 -0.303903
1683 	 -0.348408 	 -0.369976 	 -0.0234219
1684 	 -0.121986 	 -0.263101 	 0.0238374
1685 	 -0.394878 	 -0.260045 	 -0.0317922
1686 	 -0.131164 	 -0.295115 	 -0.114755
1687 	 -0.13326 	 -0.226226 	 0.120652
1688 	 -0.311333 	 -0.128795 	 0.0339485
1689 	 -0.200905 	 -0.153726 	 -0.0159033
1690 	 -0.378544 	 -0.230184 	 0.00909667
1691 	 -0.329545 	 -0.179281 	 0.0156522
1692 	 -0.236317 	 -0.195253 	 0.00391148
1693 	 -0.263491 	 -0.111434 	 0.03043
1694 	 -0.361272 	 -0.407615 	 0.0981707
1695 	 -0.234438 	 -0.0594896 	 0.0418374
1696 	 -0.357658 	 -0.338587 	 -0.191348
1697 	 -0.12372 	 -0.349003 	 -0.0720885
1698 	 -0.229524 	 -0.207545 	 -0.0330885
1699 	 -0.167155 	 -0.194073 	 0.0640226
1700 	 -0.49237 	 0.0407882 	 0.0239115
1701 	 -0.119529 	 -0.292684 	 -0.0823478
1702 	 -0.251422 	 -0.0244896 	 -0.18157
1703 	 -0.0179894 	 -0.122545 	 0.0549856
1704 	 0.0216145 	 -0.407267 	 -0.0460144
1705 	 -0.0697348 	 -0.131295 	 0.0581337
1706 	 -0.150027 	 -0.193517 	 -0.2232
1707 	 -0.264213 	 -0.153934 	 0.0121337
1708 	 -0.365175 	 -0.353795 	 -0.231533
1709 	 -0.264069 	 -0.297962 	 -0.192237
1710 	 -0.109411 	 -0.0493507 	 -0.14194
1711 	 -0.144245 	 -0.131156 	 -0.1552
1712 	 -0.169756 	 -0.218795 	 -0.173903
1713 	 -0.136295 	 -0.458656 	 -0.147607
1714 	 -0.286545 	 -0.22074 	 -0.139533
1715 	 -0.261612 	 -0.0606701 	 0.176911
1716 	 0.0550755 	 -0.216087 	 -0.147755
1717 	 -0.271151 	 -0.299351 	 -0.0268663
1718 	 -0.349926 	 -0.249767 	 0.0757633
1719 	 -0.0747214 	 -0.207128 	 0.156467
1720 	 -0.0809366 	 -0.10067 	 0.187245
1721 	 -0.0476201 	 -0.126642 	 -0.00757
1722 	 -0.306202 	 -0.318726 	 -0.109348
1723 	 -0.488756 	 -0.271781 	 -0.108348
1724 	 -0.20871 	 -0.127198 	 -0.250274
1725 	 -0.149738 	 -0.323309 	 0.127282
1726 	 -0.18038 	 -0.103031 	 0.219023
1727 	 -0.324197 	 -0.16199 	 -0.0309404
1728 	 -0.130008 	 -0.0922674 	 0.0636152
1729 	 -0.394661 	 -0.429142 	 -0.0464589
1730 	 -0.245062 	 -0.300531 	 0.0281337
1731 	 -0.349275 	 -0.0883785 	 0.0670596
1732 	 -0.141643 	 -0.242753 	 0.0798374
1733 	 -0.346673 	 -0.245809 	 -0.206755
1734 	 -0.202206 	 -0.268865 	 0.0259856
1735 	 -0.0581716 	 -0.154628 	 -0.174163
1736 	 -0.439829 	 -0.101156 	 0.163023
1737 	 -0.0891754 	 -0.341712 	 -0.1072
1738 	 -0.151689 	 -0.201087 	 -0.0572737
1739 	 -0.194184 	 -0.276087 	 0.0118744
1740 	 0.0828995 	 -0.22317 	 0.167356
1741 	 -0.271946 	 -0.304628 	 0.0181707
1742 	 -0.434048 	 -0.220184 	 0.0986522
1743 	 -0.089609 	 -0.290948 	 0.00483741
1744 	 0.0287692 	 -0.228656 	 0.03043
1745 	 -0.275993 	 -0.241226 	 0.12343
1746 	 -0.362645 	 -0.198378 	 0.0359485
1747 	 -0.215214 	 -0.142545 	 -0.0590885
1748 	 -0.143306 	 -0.23449 	 -0.108311
1749 	 -0.172069 	 -0.113587 	 -0.114385
1750 	 -0.0612792 	 -0.251642 	 -0.289237
1751 	 -0.132754 	 -0.498378 	 -0.145422
1752 	 -0.186017 	 -0.252267 	 0.14306
1753 	 0.0421392 	 -0.11192 	 -0.150644
1754 	 -0.475386 	 -0.101573 	 -0.226348
1755 	 -0.110351 	 -0.335392 	 -0.0524589
1756 	 -0.209866 	 -0.223031 	 -0.127533
1757 	 -0.128273 	 -0.22449 	 0.0173559
1758 	 -0.0736373 	 -0.219906 	 0.0333559
1759 	 0.0430787 	 -0.32067 	 -0.00260704
1760 	 -0.0530404 	 -0.323031 	 0.0189485
1761 	 -0.36568 	 -0.42817 	 -0.0887552
1762 	 -0.321523 	 -0.265878 	 0.00561519
1763 	 0.113976 	 -0.090184 	 -0.0667552
1764 	 -0.203145 	 -0.259559 	 -0.0968293
1765 	 0.087597 	 -0.290531 	 -0.276792
1766 	 -0.400659 	 -0.291851 	 -0.119311
1767 	 -0.363368 	 -0.078309 	 -0.0456441
1768 	 -0.218756 	 -0.307059 	 -0.0646811
1769 	 -0.145835 	 -0.117337 	 -0.0614219
1770 	 -0.0406822 	 -0.182267 	 0.0110226
1771 	 -0.317187 	 -0.161434 	 -0.138755
1772 	 -0.273898 	 -0.0778229 	 0.0785041
1773 	 -0.0540522 	 -0.247615 	 0.191986
1774 	 -0.0611346 	 -0.20317 	 0.0438374
1775 	 -0.124443 	 -0.0893507 	 -0.144051
1776 	 -0.260383 	 -0.313309 	 0.00187444
1777 	 -0.0437898 	 -0.214767 	 -0.200755
1778 	 0.0349845 	 -0.281295 	 0.00828185
1779 	 -0.410777 	 -0.360253 	 -0.207422
1780 	 -0.416848 	 -0.264281 	 0.133615
1781 	 -0.226705 	 -0.283378 	 -0.0376441
1782 	 -0.211601 	 -0.302545 	 -0.0499033
1783 	 -0.225043 	 -0.116642 	 -0.155237
1784 	 -0.354117 	 -0.265601 	 -0.059533
1785 	 -0.299842 	 -0.0911563 	 0.00831889
1786 	 -0.30519 	 -0.213309 	 -0.0770885
1787 	 -0.282859 	 0.259191 	 -0.0738663
1788 	 -0.173298 	 -0.0375451 	 0.0718004
1789 	 -0.00910024 	 -0.205253 	 0.0300967
1790 	 -0.149087 	 -0.109698 	 -0.0856441
1791 	 -0.264069 	 -0.259281 	 -0.0510885
1792 	 -0.198664 	 -0.11067 	 -0.230977
1793 	 0.286195 	 -0.401156 	 -0.098533
1794 	 0.540585 	 -0.271781 	 -0.147385
1795 	 2.16088 	 -0.196087 	 -0.0171996
1796 	 -0.242099 	 0.0150243 	 0.0125781
1797 	 -0.133405 	 0.285441 	 0.0811707
1798 	 -0.112446 	 0.689399 	 -0.225385
1799 	 -0.18197 	 4.61461 	 -0.197051
