0 	 0.838844 	 -0.023934 	 0.0340596
1 	 1.71244 	 1.43058 	 0.148208
2 	 0.245796 	 22.9336 	 0.166541
3 	 0.158638 	 12.7386 	 -0.0209774
4 	 0.285906 	 1.26155 	 0.0955411
5 	 0.154736 	 0.881552 	 0.0847263
6 	 0.267405 	 0.40551 	 0.0795041
7 	 2.42047 	 0.248566 	 0.19906
8 	 0.86356 	 0.0812743 	 0.077393
9 	 0.609386 	 0.350719 	 -0.0664959
10 	 -0.100088 	 0.245094 	 0.102245
11 	 -0.0199407 	 0.207455 	 -0.0794219
12 	 0.121203 	 0.435441 	 0.0539115
13 	 -0.0625078 	 0.0523854 	 -0.00408852
14 	 0.137897 	 0.0896076 	 0.0250967
15 	 0.191955 	 0.577524 	 0.148541
16 	 0.0457527 	 0.0230799 	 -0.0543848
17 	 0.267333 	 -0.186573 	 0.113541
18 	 0.140065 	 0.193983 	 -0.0694589
19 	 -0.019218 	 0.0678021 	 -0.0409404
20 	 0.0615798 	 0.00335764 	 0.0348744
21 	 -0.00498085 	 -0.0144896 	 0.129615
22 	 -0.15935 	 0.155372 	 0.0223559
23 	 0.0260953 	 0.114885 	 -0.0884219
24 	 -0.205819 	 -0.00560069 	 -0.0123107
25 	 0.0960526 	 -0.0267813 	 -0.0284959
26 	 0.09374 	 0.0862743 	 0.0792448
27 	 0.049583 	 -0.00462847 	 -0.0920515
28 	 -0.129574 	 -0.0749757 	 0.054467
29 	 -0.111796 	 -0.179698 	 0.0126152
30 	 0.0136648 	 -0.143517 	 -0.301274
31 	 -0.0537631 	 0.0538437 	 0.091393
32 	 -0.0639532 	 0.00453819 	 -0.107496
33 	 -0.311406 	 -0.012059 	 0.08743
34 	 -0.161662 	 0.00169097 	 -0.182755
35 	 -0.0427781 	 0.0905799 	 -0.0268663
36 	 -0.0887418 	 -0.205462 	 -0.154311
37 	 -0.136729 	 -0.0932396 	 0.076467
38 	 -0.0287577 	 0.187455 	 -0.0429033
39 	 -0.0829602 	 0.0843993 	 -0.0891996
40 	 -0.0854896 	 0.103219 	 -0.166792
41 	 -0.119457 	 -0.0719201 	 0.0431707
42 	 -0.0852005 	 -0.0757396 	 -0.00494037
43 	 0.217972 	 0.102177 	 0.0138004
44 	 0.0886088 	 -0.198656 	 -0.202496
45 	 0.0563041 	 -0.0824063 	 -0.0533478
46 	 -0.255685 	 -0.217059 	 -0.0461256
47 	 0.0219036 	 0.311622 	 -0.120866
48 	 -0.227211 	 0.0675937 	 -0.114644
49 	 0.0120749 	 -0.0958785 	 0.124689
50 	 -0.0532572 	 -0.297267 	 -0.0899404
51 	 0.073143 	 0.209955 	 0.00998556
52 	 0.0047756 	 -0.155184 	 -0.0600515
53 	 0.164637 	 0.302247 	 -0.0111256
54 	 0.22874 	 -0.0667813 	 0.0227633
55 	 0.0147489 	 0.0253715 	 0.00468926
56 	 0.0953299 	 0.0732882 	 -0.161792
57 	 -0.0375746 	 -0.0409479 	 0.0319485
58 	 0.111229 	 -0.128656 	 0.0997263
59 	 -0.173514 	 0.0266215 	 -0.00575519
60 	 -0.173298 	 -0.0198368 	 -0.248014
61 	 -0.0980646 	 0.0890521 	 -0.0842367
62 	 -0.210661 	 0.0828715 	 0.103949
63 	 0.177067 	 -0.052059 	 -0.219311
64 	 0.141077 	 0.161135 	 -0.218348
65 	 0.146063 	 -0.0119201 	 -0.134348
66 	 -0.0628691 	 -0.0486563 	 -0.063607
67 	 0.0942459 	 -0.0596979 	 -0.0918663
68 	 -0.298686 	 0.103983 	 -0.00657
69 	 -0.0255055 	 0.0768993 	 -0.362755
70 	 -0.134272 	 -0.051434 	 0.0275781
71 	 0.0703245 	 -0.031434 	 0.0722448
72 	 -0.0456689 	 0.162177 	 -0.00757
73 	 0.103569 	 0.288913 	 -0.0146441
74 	 0.113542 	 0.059816 	 -0.0897922
75 	 -0.372691 	 -0.0901146 	 -0.0234959
76 	 0.0278297 	 -0.105323 	 -0.127311
77 	 -0.113675 	 -0.177684 	 0.0438374
78 	 -0.18291 	 0.135719 	 -0.147607
79 	 -0.196063 	 -0.190809 	 0.0838744
80 	 -0.0113406 	 -0.0310868 	 -0.0137552
81 	 -0.175538 	 0.0130799 	 -0.0227552
82 	 0.0478485 	 0.147177 	 0.218208
83 	 -0.109339 	 0.148635 	 0.0693559
84 	 0.00463106 	 0.0764132 	 0.0335411
85 	 -0.232053 	 0.00210764 	 0.106911
86 	 -0.20553 	 0.149399 	 -0.0233848
87 	 -0.160578 	 0.253983 	 0.0928374
88 	 -0.0196517 	 -0.0542118 	 0.0347263
89 	 -0.037141 	 0.091691 	 0.0843559
90 	 0.0776238 	 0.0450937 	 0.0429856
91 	 0.181187 	 -0.065809 	 0.0229856
92 	 -0.106014 	 0.210094 	 -0.0686441
93 	 -0.203796 	 0.122524 	 -0.054533
94 	 0.210528 	 -0.0569896 	 0.0445411
95 	 -0.157904 	 0.163219 	 0.0559115
96 	 0.187402 	 0.412663 	 0.066467
97 	 -0.147642 	 0.197663 	 0.0755041
98 	 0.0813818 	 -0.10074 	 -0.0028663
99 	 0.0583277 	 -0.0261563 	 0.0400967
100 	 -0.00151189 	 0.383219 	 0.0255781
101 	 -0.0958965 	 0.057941 	 0.0895781
102 	 -0.447562 	 -0.113378 	 0.307245
103 	 -0.174309 	 -0.0153924 	 0.205578
104 	 -0.0521732 	 0.0187049 	 0.137245
105 	 0.0627361 	 0.11558 	 -0.095533
106 	 -0.0202298 	 0.0693299 	 -0.031607
107 	 -0.146124 	 0.0298854 	 0.149208
108 	 -0.0573766 	 -0.0101146 	 0.0949856
109 	 -0.045163 	 0.00551042 	 0.0938374
110 	 0.0188683 	 0.178913 	 0.0780967
111 	 -0.0800694 	 -0.163656 	 0.0828374
112 	 -0.0856342 	 -0.0159479 	 0.0266893
113 	 -0.0894645 	 0.0837049 	 -0.0411626
114 	 0.0868021 	 -0.0246285 	 0.149689
115 	 -0.189631 	 0.144955 	 0.178689
116 	 0.025228 	 -0.113726 	 0.134949
117 	 0.193039 	 0.106274 	 0.0277633
118 	 0.114048 	 -0.0631007 	 0.104097
119 	 -0.0810089 	 0.0853021 	 0.0695781
120 	 -0.274114 	 0.0621076 	 -0.000495926
121 	 -0.205241 	 0.164122 	 -0.0388293
122 	 0.0315878 	 -0.119142 	 0.0811337
123 	 -0.230969 	 0.0107187 	 0.198282
124 	 0.189787 	 0.0227326 	 0.159245
125 	 0.117445 	 0.0355799 	 -0.0742737
126 	 -0.0926444 	 -0.089559 	 0.105541
127 	 -0.0635918 	 0.0422465 	 0.174763
128 	 -0.137669 	 -0.184559 	 0.00480037
129 	 -0.0351897 	 -0.0437257 	 0.0225411
130 	 -0.0669162 	 0.147038 	 0.246097
131 	 -0.0408268 	 0.169538 	 -0.0370885
132 	 -0.111145 	 0.00592708 	 0.255393
133 	 0.0159775 	 0.116274 	 0.174245
134 	 -0.307214 	 -0.0417118 	 0.236652
135 	 -0.183705 	 0.0631493 	 0.212837
136 	 -0.0724088 	 0.124955 	 0.107467
137 	 0.0542083 	 0.0583576 	 0.0430967
138 	 -0.197725 	 -0.0260174 	 -0.119014
139 	 0.0338281 	 0.139538 	 0.0378004
140 	 -0.123504 	 -0.072684 	 0.127911
141 	 -0.0763113 	 -0.0737951 	 0.110393
142 	 -0.17337 	 0.00835764 	 0.181726
143 	 -0.0159659 	 0.0774549 	 0.224208
144 	 0.0948963 	 0.100788 	 0.0865041
145 	 -0.0381528 	 -0.131851 	 0.0295411
146 	 -0.293627 	 -0.00629514 	 -0.00808852
147 	 -0.108977 	 0.0184271 	 0.0970596
148 	 -0.029119 	 0.00259375 	 0.0583559
149 	 0.0628807 	 -0.00796181 	 0.2048
150 	 -0.286906 	 0.0568993 	 0.0578004
151 	 0.142161 	 0.23051 	 -0.0923848
152 	 -0.0111238 	 -0.0581007 	 0.137134
153 	 -0.0616405 	 0.0207187 	 -0.199126
154 	 -0.106809 	 -0.0784479 	 -0.110311
155 	 0.0984375 	 -0.0405313 	 -0.0999404
156 	 0.195063 	 0.24808 	 0.0519485
157 	 0.251867 	 -0.183101 	 -0.050607
158 	 0.285183 	 0.0850243 	 0.00505963
159 	 -0.10652 	 -0.0572674 	 -0.0632737
160 	 -0.307792 	 -0.067684 	 -0.107459
161 	 -0.0788408 	 -0.0637951 	 0.0892078
162 	 0.0292029 	 -0.0121285 	 0.0738374
163 	 0.142233 	 -0.261156 	 -0.0903848
164 	 -0.0377192 	 0.0590521 	 -0.1012
165 	 0.0083891 	 0.0412049 	 -0.0924219
166 	 -0.20871 	 0.22551 	 0.00483741
167 	 0.137752 	 0.0593993 	 0.08243
168 	 -0.139909 	 0.00176042 	 -0.0203848
169 	 -0.10746 	 0.0668299 	 0.0451337
170 	 0.0239994 	 0.110233 	 -0.0549774
171 	 -0.168961 	 -0.0726146 	 -0.00157
172 	 -0.0184953 	 -0.0256701 	 0.0950596
173 	 0.0952576 	 -0.0204618 	 -0.0163107
174 	 0.00145118 	 -0.0654618 	 0.0585781
175 	 -0.201122 	 0.185233 	 0.0659856
176 	 -0.236751 	 0.00460764 	 0.0335781
177 	 -0.0197239 	 0.0848854 	 0.0387263
178 	 -0.3526 	 0.00266319 	 0.146356
179 	 -0.0620741 	 0.0257187 	 -0.116014
180 	 -0.235811 	 -0.207823 	 0.071467
181 	 -0.117361 	 -0.0735174 	 0.0609485
182 	 0.0102681 	 -0.148378 	 -0.0443478
183 	 0.123949 	 0.130024 	 -0.0108293
184 	 0.0138816 	 -0.197615 	 -0.206755
185 	 -0.223598 	 0.0753021 	 -0.0680144
186 	 -0.145618 	 -0.201851 	 -0.0800515
187 	 -0.373269 	 0.10176 	 -0.179755
188 	 0.0584722 	 -0.283031 	 -0.05157
189 	 -0.195918 	 -0.104628 	 0.00776333
190 	 -0.135211 	 -0.288309 	 -0.0234219
191 	 -0.0577379 	 -0.114351 	 -0.0439404
192 	 -0.121408 	 -0.146503 	 0.0382448
193 	 -0.0737096 	 0.147663 	 0.224023
194 	 -0.103918 	 -0.155184 	 0.104949
195 	 -0.0484874 	 0.101274 	 0.000133704
196 	 -0.103918 	 -0.322198 	 0.020467
197 	 -0.0485597 	 -0.17817 	 0.265393
198 	 -0.243327 	 -0.091434 	 -0.0619774
199 	 -0.11353 	 -0.0993507 	 -0.141903
200 	 -0.0246383 	 -0.142128 	 0.0612078
201 	 -0.0251442 	 -0.125323 	 -0.0164589
202 	 -0.0145928 	 -0.0317813 	 -0.00838481
203 	 0.137102 	 0.00182986 	 0.0821707
204 	 -0.0275291 	 -0.0542118 	 -0.0297181
205 	 -0.106737 	 0.0295382 	 0.121023
206 	 -0.101244 	 -0.0885868 	 0.0426152
207 	 -0.0219643 	 -0.11067 	 0.0243189
208 	 0.15423 	 -0.258309 	 0.835097
209 	 -0.0678557 	 -0.120392 	 -0.0721256
210 	 -0.00830527 	 -0.0703924 	 0.189171
211 	 0.0485712 	 -0.0740729 	 0.0661707
212 	 0.1431 	 0.212524 	 0.0609485
213 	 0.0427896 	 -0.0571979 	 -0.0443848
214 	 0.124238 	 0.00807986 	 -0.0448293
215 	 0.00860591 	 0.29301 	 0.00965222
216 	 -0.00628171 	 -0.181712 	 0.166541
217 	 -0.209722 	 0.0459271 	 0.0568744
218 	 0.151773 	 -0.0778229 	 -0.0263107
219 	 -0.142655 	 -0.139073 	 0.0842078
220 	 0.134862 	 0.0196771 	 0.221245
221 	 -0.0246383 	 -0.0126146 	 -0.0280144
222 	 0.130309 	 0.0291215 	 0.0692448
223 	 -0.0523177 	 0.0475243 	 -0.0187181
224 	 -0.0445848 	 -0.350184 	 0.0196893
225 	 -0.0239879 	 0.0325937 	 -0.0390144
226 	 -0.0358401 	 -0.249628 	 -0.00457
227 	 -0.448068 	 -0.0230313 	 -0.0282737
228 	 -0.274476 	 -0.129003 	 0.0381337
229 	 -0.118083 	 -0.0160174 	 -0.0234219
230 	 -0.046247 	 -0.025184 	 0.0658004
231 	 -0.0988596 	 -0.188795 	 0.0802078
232 	 0.0191573 	 0.189677 	 0.164171
233 	 -0.0689398 	 0.022941 	 0.0970596
234 	 0.122142 	 -0.116434 	 0.109208
235 	 0.035924 	 -0.21692 	 -0.0216441
236 	 -0.0248551 	 0.0146076 	 -0.0807181
237 	 0.00672689 	 -0.0113646 	 -0.106755
238 	 -0.010907 	 -0.177267 	 0.0692819
239 	 -0.0380082 	 -0.0721979 	 0.14806
240 	 0.0318046 	 -0.19067 	 -0.0223848
241 	 -0.0591111 	 -0.242267 	 -0.0370144
242 	 0.0453913 	 -0.0199757 	 0.151763
243 	 0.0337559 	 -0.218934 	 0.0777263
244 	 -0.260166 	 -0.0387257 	 -0.135755
245 	 0.0247944 	 -0.255253 	 -0.133051
246 	 0.10169 	 -0.101851 	 0.00980037
247 	 -0.168745 	 -0.202892 	 -0.00134778
248 	 0.107399 	 0.0455799 	 -0.0268293
249 	 0.00275204 	 -0.0940035 	 0.108689
250 	 -0.0909821 	 -0.107337 	 -0.0700515
251 	 0.106315 	 0.141483 	 -0.0116811
252 	 -0.14663 	 -0.120253 	 0.0110226
253 	 -0.107893 	 0.00182986 	 -0.163533
254 	 0.0219759 	 0.0430104 	 0.0306152
255 	 -0.180525 	 -0.279837 	 0.0622819
256 	 0.0360685 	 0.0664132 	 0.0107263
257 	 -0.313791 	 -0.183517 	 0.254986
258 	 -0.175177 	 0.197177 	 0.316208
259 	 -0.208782 	 0.0191215 	 0.0726522
260 	 0.0753834 	 -0.198378 	 -0.183755
261 	 0.0375139 	 0.022941 	 -0.000607037
262 	 -0.00375226 	 -0.0124063 	 -0.208385
263 	 -0.209649 	 -0.11824 	 0.02243
264 	 0.0404047 	 -0.153587 	 0.00965222
265 	 -0.0395259 	 -0.12817 	 -0.0973478
266 	 -0.100594 	 -0.0696285 	 -0.09057
267 	 0.0482821 	 -0.0890035 	 0.121986
268 	 -0.00917251 	 -0.113726 	 -0.0327922
269 	 -0.0546303 	 -0.0655313 	 0.0860226
270 	 -0.0529681 	 -0.178656 	 0.0732078
271 	 -0.0974142 	 -0.225045 	 0.0198004
272 	 -0.166938 	 -0.20824 	 0.0901707
273 	 -0.0161104 	 -0.0315035 	 -0.131792
274 	 0.0433678 	 -0.14692 	 -0.0584959
275 	 0.0253003 	 -0.170253 	 0.0725041
276 	 0.0221204 	 -0.14817 	 -0.0441996
277 	 -0.278017 	 -0.0262257 	 0.184171
278 	 0.12749 	 0.0593993 	 0.0656152
279 	 0.0550033 	 0.0381493 	 0.00935593
280 	 -0.0170499 	 -0.0293507 	 -0.036533
281 	 0.0680841 	 0.149122 	 -0.129385
282 	 -0.235522 	 -0.146503 	 -0.00257
283 	 -0.243616 	 -0.211851 	 -0.192274
284 	 -0.100016 	 -0.141017 	 0.0486522
285 	 0.0263843 	 0.231066 	 0.0796893
286 	 -0.129647 	 0.0732187 	 0.202504
287 	 0.141872 	 -0.175809 	 0.0822819
288 	 -0.0712524 	 0.0880104 	 0.0428374
289 	 -0.10334 	 0.150372 	 -0.00190333
290 	 -0.180886 	 0.0871771 	 0.122726
291 	 -0.0925721 	 -0.200253 	 -0.174311
292 	 0.102846 	 -0.120878 	 -0.169274
293 	 -0.162819 	 0.138705 	 0.126911
294 	 0.128646 	 -0.217267 	 -0.186866
295 	 -0.100088 	 -0.297198 	 0.0507263
296 	 -0.361272 	 -0.103795 	 0.104726
297 	 -0.165493 	 -0.112128 	 -0.0606811
298 	 0.114626 	 -0.0898368 	 -0.00690333
299 	 -0.0856342 	 -0.280184 	 -0.00405148
300 	 -0.0600506 	 -0.149906 	 0.0159485
301 	 0.101762 	 -0.10324 	 -0.216829
302 	 -0.247013 	 -0.0775451 	 0.0646152
303 	 -0.0450907 	 -0.159142 	 -0.0843848
304 	 -0.0223256 	 -0.0851146 	 0.11243
305 	 0.0388148 	 0.107177 	 -0.0416811
306 	 -0.21189 	 0.0495382 	 0.00109667
307 	 0.16984 	 -0.0319896 	 -0.0263848
308 	 -0.257565 	 0.0734965 	 -0.0111256
309 	 0.155386 	 0.0483576 	 0.0773189
310 	 0.00542603 	 0.0283576 	 -0.0839033
311 	 -0.127623 	 0.0836354 	 -0.0604219
312 	 -0.0856342 	 0.161622 	 0.20906
313 	 0.114771 	 0.271552 	 -0.0901996
314 	 0.140137 	 -0.00962847 	 -0.0872737
315 	 0.322402 	 -0.0986563 	 0.258282
316 	 -0.0130751 	 -0.132198 	 -0.100644
317 	 0.0320937 	 0.101969 	 -0.135607
318 	 -0.214708 	 -0.126156 	 0.101874
319 	 0.0328164 	 0.133774 	 0.0616522
320 	 0.353695 	 -0.0368507 	 0.218874
321 	 9.33548 	 -0.0255313 	 0.0923559
322 	 0.706156 	 0.0714826 	 -0.0858663
323 	 -0.0691566 	 0.0999549 	 0.00339296
324 	 0.00520922 	 -0.201226 	 0.01343
325 	 0.060568 	 0.0468299 	 0.132578
326 	 0.166444 	 0.000788194 	 0.105023
327 	 0.0156161 	 0.12433 	 0.0591337
328 	 0.109712 	 0.0670382 	 0.260726
329 	 -0.302011 	 0.0378021 	 0.0446152
330 	 -0.119673 	 0.0614132 	 0.172986
331 	 -0.183199 	 -0.0398368 	 0.175911
332 	 -0.0838274 	 0.205649 	 0.0209856
333 	 0.0850676 	 -0.156503 	 0.152023
334 	 -0.0692289 	 -0.0275451 	 -0.0697552
335 	 -0.211239 	 -0.0363646 	 0.136097
336 	 -0.0293358 	 -0.0636563 	 0.0327263
337 	 -0.0440066 	 -0.00810069 	 0.134949
338 	 -0.0560757 	 0.141483 	 0.0795041
339 	 -0.182621 	 -0.101851 	 0.064393
340 	 0.0335391 	 0.011691 	 -0.0628293
341 	 -0.111579 	 -0.126712 	 -0.105829
342 	 -0.156676 	 0.0855104 	 0.133171
343 	 -0.261467 	 0.0562743 	 0.06043
344 	 -0.183199 	 -0.113795 	 -0.030607
345 	 0.0238549 	 -0.222545 	 -0.0749774
346 	 0.0628084 	 -0.190115 	 -0.128422
347 	 -0.0966915 	 -0.068934 	 -0.143459
348 	 0.00239069 	 -0.136087 	 0.0319115
349 	 -0.139909 	 -0.0617118 	 -0.0316811
350 	 -0.389457 	 0.0805104 	 -0.0754959
351 	 -0.0984982 	 0.161274 	 -0.08057
352 	 -0.144751 	 -0.212128 	 0.0306893
353 	 -0.0296972 	 -0.134003 	 -0.0366811
354 	 -0.173587 	 -0.16949 	 -0.0450885
355 	 -0.0961856 	 -0.107476 	 -0.132422
356 	 -0.157687 	 0.0114132 	 0.0978374
357 	 -0.026445 	 0.106135 	 -0.0427922
358 	 -0.239931 	 0.0683576 	 0.0170596
359 	 -0.15935 	 -0.0224757 	 -0.0349404
360 	 -0.0887418 	 -0.0763646 	 0.155023
361 	 0.114698 	 0.0797465 	 -0.00960704
362 	 -0.160795 	 -0.115253 	 0.0261337
363 	 -0.151544 	 0.218983 	 -0.127496
364 	 -0.282714 	 -0.0453229 	 0.100949
365 	 -0.0378637 	 0.0751632 	 -0.00697741
366 	 0.0521847 	 0.267524 	 -0.0910144
367 	 -0.138536 	 0.0572465 	 0.00228185
368 	 0.208722 	 0.0327326 	 0.105171
369 	 -0.0755164 	 -0.149073 	 -0.255089
370 	 0.132332 	 0.158635 	 0.0536522
371 	 0.184439 	 0.0778715 	 -0.278459
372 	 0.106965 	 -0.085184 	 0.04843
373 	 0.0724203 	 -0.0841424 	 -0.0623848
374 	 -0.0425612 	 0.197941 	 0.0477633
375 	 -0.0973419 	 0.126969 	 0.03943
376 	 -0.0311426 	 0.225858 	 0.195245
377 	 0.207059 	 0.217177 	 0.0632819
378 	 0.146425 	 -0.0369201 	 -0.018607
379 	 -0.0689398 	 0.245302 	 0.0988004
380 	 0.106459 	 0.200163 	 0.191986
381 	 -0.224754 	 -0.070184 	 0.108726
382 	 -0.160289 	 -0.080184 	 0.109911
383 	 -0.271296 	 0.0546771 	 0.0450967
384 	 0.0854289 	 0.0773854 	 0.101911
385 	 -0.326582 	 -0.0146285 	 -0.0082737
386 	 0.0307205 	 0.153358 	 0.125986
387 	 0.0182901 	 0.107941 	 0.0955041
388 	 -0.0296249 	 -0.178101 	 0.0667633
389 	 -0.214853 	 0.104608 	 -0.031607
390 	 -0.296879 	 0.0326632 	 0.0712819
391 	 0.0864407 	 0.0250243 	 0.0188744
392 	 -0.366764 	 0.126552 	 -0.03957
393 	 -0.0190012 	 -0.0936563 	 0.269504
394 	 -0.167805 	 -0.312892 	 0.000355926
395 	 -0.494176 	 -0.168031 	 0.0371707
396 	 -0.210372 	 -0.0885868 	 0.0759856
397 	 -0.0293358 	 -0.23074 	 0.140652
398 	 -0.0878745 	 0.094191 	 0.125949
399 	 -0.397262 	 0.178705 	 0.10443
400 	 -0.211384 	 0.056691 	 0.0392078
401 	 -0.242605 	 -0.148656 	 -0.0833848
402 	 5.7816e-06 	 -0.00497569 	 0.196393
403 	 -0.0846947 	 0.012941 	 -0.156607
404 	 -0.0415495 	 -0.205809 	 0.0376522
405 	 -0.0844056 	 -0.145045 	 -0.0587181
406 	 -0.2103 	 -0.053309 	 0.122615
407 	 -0.209216 	 0.056691 	 -0.000644074
408 	 -0.117144 	 -0.0871979 	 -0.111866
409 	 -0.200977 	 0.0572465 	 -0.00397741
410 	 0.0448132 	 -0.26449 	 0.0975411
411 	 -0.278161 	 -0.0942118 	 0.0181337
412 	 -0.368065 	 0.11426 	 -0.0554589
413 	 -0.0781181 	 0.141066 	 3.43754
414 	 -0.302878 	 -0.0703924 	 2.28476
415 	 -0.131453 	 -0.249906 	 14.5439
416 	 0.0893315 	 0.0214132 	 0.556911
417 	 0.159217 	 -0.169767 	 0.1168
418 	 0.0646874 	 -0.292892 	 0.0770226
419 	 -0.160289 	 -0.0669201 	 0.0311707
420 	 -0.00931705 	 0.10808 	 0.177615
421 	 0.0190851 	 0.142108 	 -0.0384959
422 	 -0.193027 	 -0.129073 	 0.275208
423 	 -0.0497882 	 0.140649 	 0.0898744
424 	 -0.305624 	 -0.0222674 	 -0.126311
425 	 -0.23451 	 -0.0838646 	 0.245208
426 	 0.0318046 	 -0.00171181 	 0.209504
427 	 -0.250482 	 -0.0942118 	 0.00957815
428 	 -0.140704 	 -0.276851 	 -0.138903
429 	 -0.290447 	 -0.31324 	 -0.0499033
430 	 0.0468367 	 -0.00379514 	 -0.108274
431 	 -0.352961 	 0.126066 	 -0.0629404
432 	 -0.147786 	 0.109399 	 -0.205459
433 	 -0.268839 	 -0.24067 	 -0.0812737
434 	 -0.162385 	 -0.196503 	 -0.170866
435 	 -0.246796 	 -0.0453229 	 0.168245
436 	 -0.20806 	 0.172385 	 0.0769115
437 	 0.0518234 	 -0.148795 	 -0.151089
438 	 -0.284449 	 -0.189837 	 0.0178004
439 	 -0.293916 	 -0.21817 	 -0.0402737
440 	 -0.221791 	 -0.15324 	 -0.157903
441 	 -0.062291 	 0.0871771 	 -0.100311
442 	 -0.150894 	 -0.195809 	 -0.166903
443 	 -0.193461 	 0.0453715 	 -0.107274
444 	 -0.174237 	 -0.110184 	 -0.268866
445 	 -0.047042 	 -0.224559 	 -0.176496
446 	 -0.145112 	 -0.30067 	 -0.278681
447 	 -0.0695902 	 -0.119698 	 -0.280089
448 	 -0.273319 	 0.0363437 	 0.061467
449 	 -0.0749382 	 0.026066 	 0.0359856
450 	 -0.168239 	 -0.102545 	 0.0102448
451 	 -0.27556 	 -0.179142 	 -0.209792
452 	 -0.371679 	 -0.11067 	 -0.112348
453 	 -0.247374 	 -0.114351 	 -0.189829
454 	 0.0875248 	 -0.256226 	 0.0122448
455 	 -0.0153155 	 -0.157406 	 0.0356522
456 	 -0.176188 	 -0.248795 	 -0.145533
457 	 -0.0452352 	 -0.048309 	 -0.04457
458 	 -0.423569 	 0.0608576 	 -0.143163
459 	 0.0957635 	 -0.129767 	 -0.123718
460 	 -0.0347561 	 -0.0478924 	 0.0615411
461 	 0.0239272 	 0.00252431 	 -0.130089
462 	 0.0417778 	 -0.198934 	 0.102319
463 	 0.12366 	 0.102247 	 0.0843189
464 	 -0.1269 	 -0.0456007 	 0.215208
465 	 -0.0223979 	 0.139747 	 -0.0704959
466 	 0.0824659 	 -0.184003 	 -0.0891996
467 	 -0.0395259 	 -0.18817 	 -0.224126
468 	 0.113542 	 0.300372 	 -0.124977
469 	 -0.0107624 	 -0.0666424 	 0.0900967
470 	 0.0928727 	 -0.0126146 	 0.0820596
471 	 -0.0342502 	 -0.0128924 	 -0.171718
472 	 -0.146413 	 0.0418299 	 0.170171
473 	 0.0344786 	 0.118844 	 -0.25357
474 	 0.193978 	 0.00516319 	 -0.0310885
475 	 0.211034 	 0.26683 	 0.022467
476 	 0.178224 	 0.159538 	 0.0975781
477 	 -0.150244 	 0.112802 	 0.293541
478 	 0.0624471 	 0.25433 	 0.111467
479 	 -0.114542 	 0.11551 	 0.143541
480 	 -0.190715 	 0.0202326 	 0.0407633
481 	 0.172514 	 0.275094 	 -0.0170144
482 	 0.0083891 	 -0.0634479 	 0.0976152
483 	 -0.203145 	 0.0259965 	 -0.095533
484 	 -0.159277 	 -0.0167813 	 -0.00697741
485 	 -0.110929 	 0.153149 	 -0.130644
486 	 -0.194256 	 0.266552 	 -0.0678293
487 	 -0.1269 	 0.137524 	 0.0306893
488 	 -0.338362 	 0.144538 	 -0.0586811
489 	 -0.0242769 	 -0.095809 	 -0.0537922
490 	 -0.126684 	 -0.0126146 	 0.173689
491 	 0.0113522 	 0.0193993 	 -0.12857
492 	 -0.160361 	 -0.123031 	 0.0741337
493 	 0.0732153 	 0.101552 	 0.296319
494 	 -0.163541 	 0.133149 	 0.178726
495 	 -0.122998 	 0.0818299 	 0.0378744
496 	 0.0523293 	 -0.0113646 	 0.147134
497 	 -0.0729869 	 0.291552 	 0.215134
498 	 -0.164481 	 0.16926 	 0.132911
499 	 0.0171338 	 0.0599549 	 0.165134
500 	 0.119974 	 0.267038 	 0.0950596
501 	 0.0971367 	 0.171066 	 -0.0238663
502 	 -0.018929 	 -0.250948 	 0.0192078
503 	 -0.0292636 	 0.102108 	 0.174245
504 	 0.183572 	 0.167247 	 0.205245
505 	 0.105159 	 0.407177 	 0.0222078
506 	 0.0977148 	 0.0988437 	 0.258208
507 	 0.0302146 	 0.142524 	 0.148949
508 	 -0.246507 	 0.307455 	 0.113986
509 	 -0.108977 	 0.0471771 	 0.0196522
510 	 -0.227428 	 -0.161712 	 0.0871337
511 	 -0.124082 	 -0.0899063 	 0.0163189
512 	 -0.0432839 	 0.0282882 	 0.108467
513 	 0.0831886 	 0.0887743 	 0.137541
514 	 0.195135 	 -0.212892 	 0.173689
515 	 -0.20806 	 -0.0596979 	 0.0880226
516 	 0.11253 	 0.106413 	 0.163319
517 	 0.0173506 	 0.0764826 	 0.0910967
518 	 0.175911 	 -0.0294201 	 0.0617633
519 	 0.041272 	 0.293705 	 0.145023
520 	 0.0497998 	 0.0230799 	 0.162171
521 	 -0.0630859 	 -0.0174063 	 -8.85185e-05
522 	 0.239725 	 0.318219 	 0.138911
523 	 0.149243 	 0.189191 	 0.181837
524 	 -0.0587497 	 0.0670382 	 0.150282
525 	 -0.000644648 	 0.0800937 	 0.199023
526 	 -0.0463916 	 0.0388437 	 0.16406
527 	 0.139342 	 -0.0781701 	 0.125541
528 	 -0.185439 	 -0.066434 	 0.105134
529 	 -0.0635918 	 0.203288 	 0.00694852
530 	 -0.234366 	 0.225094 	 0.0370226
531 	 0.174104 	 0.234747 	 0.228763
532 	 -0.141282 	 0.175024 	 0.32343
533 	 0.011569 	 0.0968993 	 0.00994852
534 	 0.152279 	 0.0497465 	 0.0959485
535 	 0.0854289 	 0.0232187 	 0.010467
536 	 -0.0817316 	 -0.0528229 	 0.172652
537 	 0.0655547 	 0.377663 	 0.0729115
538 	 0.00361928 	 0.10933 	 0.05943
539 	 0.0500889 	 0.119608 	 0.0329856
540 	 0.0743716 	 0.016066 	 0.10706
541 	 -0.143956 	 -0.15199 	 0.0908004
542 	 -0.0544135 	 -0.125601 	 0.0981707
543 	 -0.13644 	 0.00689931 	 0.00109667
544 	 -0.185367 	 0.0971076 	 0.0711707
545 	 0.048788 	 0.0200243 	 0.109504
546 	 -0.120541 	 0.0424549 	 0.177319
547 	 0.0980039 	 0.17926 	 -0.0494219
548 	 0.155675 	 -0.0112257 	 0.246949
549 	 -0.112663 	 0.173219 	 0.102097
550 	 0.211396 	 0.0995382 	 0.236134
551 	 -0.311333 	 -0.040809 	 0.114171
552 	 -0.0135087 	 0.208288 	 -0.0710885
553 	 -0.0880913 	 0.0540521 	 0.0155041
554 	 -0.291965 	 -0.0561563 	 -0.00601444
555 	 -0.0143759 	 0.17176 	 0.109541
556 	 0.048499 	 0.152247 	 0.0752819
557 	 0.082249 	 0.200163 	 0.289504
558 	 0.0735044 	 0.265163 	 0.0182819
559 	 -0.00707668 	 0.360441 	 0.197763
560 	 0.143534 	 0.131552 	 0.0316522
561 	 0.280992 	 -0.0666424 	 0.152282
562 	 0.182849 	 0.228358 	 0.0820967
563 	 0.0984375 	 0.148635 	 0.00443
564 	 -0.0453798 	 0.0986354 	 0.0419856
565 	 -0.199098 	 0.199399 	 0.182393
566 	 0.0877416 	 0.183983 	 0.215986
567 	 -0.197002 	 0.00912153 	 0.144245
568 	 -0.323186 	 0.0240521 	 0.15243
569 	 -0.00584809 	 0.0309965 	 0.177319
570 	 -0.0397427 	 0.155719 	 0.319986
571 	 -0.150605 	 0.0399549 	 -0.0281256
572 	 0.0687346 	 0.171552 	 0.043467
573 	 -0.114398 	 -0.00351736 	 0.0780226
574 	 0.0383812 	 0.0780104 	 0.16606
575 	 0.00390836 	 0.099191 	 -0.0247922
576 	 0.126695 	 0.000510417 	 0.167245
577 	 -0.135139 	 0.166205 	 0.138763
578 	 -0.0177004 	 -0.0503924 	 0.113023
579 	 -0.200327 	 0.0805799 	 0.180356
580 	 0.212407 	 0.185927 	 0.158763
581 	 -0.030998 	 -0.0674063 	 0.0219856
582 	 0.0399711 	 0.0657187 	 -0.03157
583 	 0.149316 	 0.265372 	 0.117763
584 	 0.199832 	 -0.0649063 	 0.154282
585 	 0.125539 	 0.0342604 	 0.160911
586 	 0.216238 	 0.0593299 	 -0.0660885
587 	 0.0179287 	 0.138358 	 0.141615
588 	 -0.1011 	 -0.0160868 	 0.0315781
589 	 0.00311339 	 0.0155104 	 0.102911
590 	 -0.0217475 	 0.0920382 	 -0.124237
591 	 -0.138753 	 0.139608 	 0.14806
592 	 0.04503 	 0.167455 	 0.0872819
593 	 -0.128418 	 0.663913 	 0.259652
594 	 -0.0643868 	 0.208705 	 0.219837
595 	 0.0167724 	 0.158635 	 0.06343
596 	 0.0500889 	 -0.239976 	 -0.0121256
597 	 0.167817 	 -0.0999063 	 0.1728
598 	 0.089187 	 0.0518993 	 -0.122422
599 	 -0.0297695 	 0.0818993 	 -0.150459
600 	 -0.125166 	 0.248774 	 0.0615041
601 	 0.0353458 	 0.0746771 	 0.00750407
602 	 0.123154 	 0.0811354 	 0.0812819
603 	 0.0935232 	 0.118705 	 -0.0319404
604 	 0.178946 	 0.049816 	 0.00498556
605 	 0.100317 	 0.149399 	 0.0289485
606 	 0.0301424 	 -0.0176146 	 0.0630596
607 	 0.0939568 	 0.0470382 	 0.0930967
608 	 -0.130875 	 0.158288 	 -0.0857922
609 	 -0.0543413 	 -0.0196979 	 0.182763
610 	 0.133705 	 -0.00518403 	 0.243763
611 	 0.120769 	 0.0186354 	 -0.0797552
612 	 -0.215287 	 0.280163 	 0.201097
613 	 0.107977 	 -0.17574 	 0.0432448
614 	 0.0618689 	 0.00509375 	 0.0883189
615 	 0.0161943 	 -0.025184 	 0.19906
616 	 0.00347474 	 0.138427 	 0.124393
617 	 -0.0528959 	 0.100649 	 0.167134
618 	 -0.110567 	 0.061691 	 0.087467
619 	 0.0259507 	 0.145788 	 -0.0519404
620 	 0.170997 	 0.000788194 	 0.353319
621 	 0.177356 	 -0.0240035 	 0.319652
622 	 0.119974 	 0.142941 	 0.113467
623 	 0.0478485 	 0.205441 	 0.254245
624 	 -0.0501496 	 0.307247 	 0.127615
625 	 -0.00107827 	 0.123983 	 -0.0150885
626 	 0.0519679 	 0.152455 	 0.305949
627 	 0.0098345 	 -0.083309 	 0.121837
628 	 -0.0468974 	 -0.0443507 	 0.164874
629 	 -0.0176281 	 0.148705 	 0.0795041
630 	 -0.0367796 	 0.0534271 	 0.00687444
631 	 -0.29659 	 0.019191 	 0.171134
632 	 0.0516066 	 -0.0973368 	 0.063467
633 	 0.214142 	 -0.255878 	 0.0705411
634 	 -0.0143759 	 0.115997 	 0.111949
635 	 -0.0295526 	 -0.0885174 	 0.135356
636 	 0.00658235 	 -0.15699 	 0.170763
637 	 0.0111354 	 -0.281365 	 0.129949
638 	 0.198676 	 -0.0385174 	 0.238097
639 	 0.0678673 	 -0.030184 	 0.165837
640 	 0.112602 	 -0.0706007 	 0.0508004
641 	 -0.0646759 	 -0.0207396 	 0.365837
642 	 -0.0685062 	 0.174399 	 0.0938374
643 	 0.0653379 	 -0.152823 	 0.254504
644 	 0.225705 	 -0.0583785 	 0.312171
645 	 -0.0551362 	 0.236344 	 0.0747263
646 	 -0.0434285 	 0.0878021 	 0.26906
647 	 -0.13326 	 0.252872 	 0.193171
648 	 -0.0859232 	 0.122524 	 0.0666522
649 	 0.269356 	 0.237663 	 -0.0748663
650 	 0.140788 	 0.182594 	 0.00535593
651 	 -0.00844981 	 0.036066 	 0.0473189
652 	 0.0930895 	 0.0150937 	 0.0849856
653 	 0.0500889 	 0.0576632 	 -0.127681
654 	 0.366342 	 -0.116365 	 0.298282
655 	 0.114265 	 -0.072684 	 0.234949
656 	 0.0112076 	 0.0655799 	 -0.158126
657 	 0.0626639 	 0.180719 	 -0.0391996
658 	 0.0591949 	 -0.00560069 	 0.0673559
659 	 0.0328886 	 0.0708576 	 0.0725781
660 	 -0.191943 	 0.159816 	 -0.173533
661 	 0.247603 	 0.125094 	 0.00494852
662 	 0.179019 	 0.0546771 	 -0.156014
663 	 0.210962 	 0.0259271 	 0.00698556
664 	 0.241604 	 -0.073934 	 -0.0903848
665 	 0.0232767 	 0.211413 	 0.169541
666 	 0.227512 	 -0.121365 	 0.063393
667 	 0.0748775 	 -0.0254618 	 0.00320778
668 	 0.0942459 	 -0.101434 	 0.0366152
669 	 0.195568 	 -0.0594201 	 0.173504
670 	 0.299204 	 0.0252326 	 0.199097
671 	 0.160807 	 0.0487743 	 -0.0849774
672 	 0.286701 	 0.0230799 	 0.0392819
673 	 0.037008 	 -0.012684 	 0.124356
674 	 0.0547864 	 0.0382882 	 0.0368004
675 	 0.197737 	 -0.059559 	 0.0440967
676 	 0.153146 	 0.113497 	 0.239837
677 	 0.113759 	 0.0218299 	 0.167689
678 	 0.163842 	 0.173149 	 -0.0138663
679 	 0.0565209 	 0.132177 	 0.366393
680 	 -0.0438621 	 -0.0557396 	 0.193615
681 	 0.197231 	 0.0201632 	 0.106097
682 	 -0.0167609 	 -0.186573 	 0.0793189
683 	 0.209661 	 -0.0496285 	 0.0432819
684 	 0.0671446 	 0.016691 	 0.00776333
685 	 0.262852 	 0.0315521 	 -0.00357
686 	 0.218406 	 0.0462049 	 0.109393
687 	 -0.0203744 	 0.051691 	 -0.0607552
688 	 0.123371 	 -0.150948 	 0.160986
689 	 -0.25742 	 -0.0290729 	 0.195023
690 	 -0.0231929 	 -0.0786563 	 0.0598744
691 	 -0.0354065 	 0.0702326 	 -0.0260144
692 	 0.111302 	 0.064816 	 0.0810596
693 	 -0.15046 	 -0.197684 	 0.182652
694 	 0.0914273 	 0.0998854 	 0.162837
695 	 0.352467 	 0.109469 	 0.128097
696 	 0.283015 	 -0.0103229 	 -0.183866
697 	 0.271741 	 -0.161712 	 -0.137977
698 	 0.0372971 	 -0.0553229 	 0.057467
699 	 -0.0096784 	 0.0234965 	 0.050467
700 	 0.128213 	 0.0132882 	 0.110282
701 	 0.211179 	 0.0180104 	 0.13543
702 	 0.00687143 	 0.161135 	 0.208837
703 	 0.0119303 	 0.0473854 	 -0.0236811
704 	 0.120408 	 -0.0198368 	 0.0815411
705 	 0.184439 	 0.152802 	 0.0431337
706 	 0.094824 	 -0.0499757 	 -0.0619774
707 	 -0.000355568 	 -0.0406701 	 0.00631889
708 	 0.0113522 	 0.000996528 	 -0.0947552
709 	 0.0877416 	 -0.14324 	 -0.1022
710 	 0.234883 	 0.166483 	 1.74673
711 	 0.0933786 	 0.0509271 	 1.22828
712 	 0.0410551 	 0.151135 	 0.192949
713 	 0.0823936 	 0.237594 	 0.00702259
714 	 -0.198086 	 -0.000947917 	 0.0215411
715 	 -0.0342502 	 0.046066 	 0.136504
716 	 0.151701 	 0.0639132 	 0.112578
717 	 0.195641 	 0.275719 	 0.273578
718 	 0.0143152 	 0.00141319 	 0.177949
719 	 0.0307205 	 0.130233 	 -0.0503848
720 	 0.0839113 	 0.162177 	 0.0338374
721 	 -0.00122281 	 0.0815521 	 0.0416893
722 	 -0.193895 	 0.0750243 	 0.00191148
723 	 0.135873 	 0.154747 	 0.248837
724 	 0.0208195 	 0.000927083 	 0.196689
725 	 0.00925634 	 0.0931493 	 0.0895041
726 	 0.0516788 	 -0.103448 	 0.0528374
727 	 -0.0395259 	 -0.349351 	 0.0569485
728 	 0.069385 	 -0.10824 	 0.197171
729 	 -0.133188 	 -0.0744896 	 0.236245
730 	 -0.0463193 	 -0.0947674 	 0.139726
731 	 0.314742 	 0.213149 	 0.186615
732 	 0.116144 	 -0.0448368 	 0.198097
733 	 -0.0893199 	 -0.153587 	 0.00428185
734 	 0.104291 	 -0.164628 	 0.0119485
735 	 -0.391698 	 -0.231642 	 -0.320607
736 	 0.00492014 	 -0.215184 	 -0.215496
737 	 -0.141788 	 0.00432986 	 -0.202274
738 	 0.142522 	 -0.0780313 	 0.0318744
739 	 0.136018 	 -0.192753 	 0.0765411
740 	 0.311056 	 0.0768993 	 -0.0691256
741 	 0.328184 	 0.0309271 	 0.0949485
742 	 -0.0224702 	 -0.0115035 	 0.0912448
743 	 0.109639 	 0.128358 	 0.127726
744 	 0.160301 	 -0.0597674 	 0.251393
745 	 0.0914273 	 0.029191 	 0.0862448
746 	 0.133633 	 0.154399 	 0.0461337
747 	 0.0292029 	 0.10058 	 -0.0312737
748 	 0.038598 	 -0.0699757 	 0.0177263
749 	 -0.0106179 	 0.016066 	 -0.0163848
750 	 -0.0089557 	 0.235719 	 0.207615
751 	 0.034334 	 0.25676 	 0.041467
752 	 -0.0845501 	 0.161899 	 -0.0299774
753 	 0.210528 	 0.080441 	 0.0832819
754 	 0.729355 	 0.0947465 	 0.0270596
755 	 6.57629 	 0.0368993 	 -0.0078663
756 	 0.118023 	 0.114191 	 0.0601337
757 	 0.142522 	 -0.0161563 	 0.0706152
758 	 -0.158121 	 0.0164826 	 0.0889485
759 	 -0.150677 	 0.117038 	 0.123615
760 	 -0.123937 	 0.16301 	 -0.225607
761 	 0.187257 	 0.126274 	 0.0267263
762 	 0.0392484 	 0.0555799 	 0.0366152
763 	 0.0651933 	 0.199052 	 0.089393
764 	 -0.0359847 	 0.0368299 	 0.111171
765 	 -0.134344 	 0.0103715 	 0.00654111
766 	 0.162252 	 0.150163 	 0.0216893
767 	 0.0814541 	 0.0998854 	 0.0316522
768 	 0.114771 	 0.136344 	 -0.0176441
769 	 0.0934509 	 0.0722465 	 0.0807263
770 	 0.00412517 	 -0.121295 	 0.140726
771 	 0.368511 	 -0.00421181 	 -0.135681
772 	 0.261768 	 0.10933 	 0.199208
773 	 0.0219759 	 0.0999549 	 0.0377633
774 	 0.196074 	 0.0443993 	 0.0700596
775 	 0.0292751 	 0.126274 	 0.227726
776 	 0.264442 	 0.117385 	 0.0828744
777 	 -0.0166163 	 0.00509375 	 -0.0860515
778 	 0.0991602 	 -0.177337 	 0.118023
779 	 0.0383089 	 0.205024 	 0.0505781
780 	 0.312863 	 0.387941 	 0.3108
781 	 0.288291 	 0.0745382 	 0.196319
782 	 0.209878 	 0.273566 	 0.194208
783 	 0.0103404 	 0.288566 	 -0.00975519
784 	 0.182632 	 0.0514132 	 0.0350596
785 	 0.113036 	 -0.041434 	 -0.0801996
786 	 0.240954 	 -0.218031 	 -0.190126
787 	 -0.0244937 	 0.059191 	 -0.212385
788 	 0.176923 	 -0.00553125 	 0.00228185
789 	 0.476699 	 0.0184271 	 0.27943
790 	 0.279691 	 0.340997 	 0.0676522
791 	 0.172008 	 0.188288 	 0.138356
792 	 0.256564 	 -0.0328924 	 0.103986
793 	 0.362295 	 -0.0149757 	 0.17643
794 	 0.055726 	 0.139955 	 0.0368744
795 	 0.0174951 	 -0.0140035 	 -0.0504959
796 	 0.0770456 	 -0.245253 	 -0.208496
797 	 0.113036 	 0.113288 	 -0.0179033
798 	 0.0177119 	 -0.144142 	 -0.053607
799 	 0.318644 	 0.0798854 	 0.185467
800 	 0.188703 	 0.0475243 	 0.0572448
801 	 0.0380198 	 0.0688437 	 -0.0621626
802 	 0.150111 	 0.118705 	 0.298245
803 	 0.138186 	 0.171344 	 0.0906522
804 	 0.218117 	 0.111969 	 0.0803559
805 	 0.160084 	 -0.116851 	 -0.0544959
806 	 0.0426451 	 0.210788 	 -0.1962
807 	 -0.295217 	 -0.151573 	 -0.0697922
808 	 -0.276427 	 -0.297128 	 -0.0561996
809 	 -0.0330216 	 -0.116087 	 -0.105755
810 	 -0.0291913 	 -0.0105313 	 -0.221014
811 	 0.209227 	 -0.0923368 	 -0.0541626
812 	 0.152423 	 -0.196781 	 -0.1152
813 	 0.119251 	 -0.00914236 	 0.0630596
814 	 0.102846 	 -0.0668507 	 -0.135274
815 	 0.15806 	 -0.0128924 	 -0.00849593
816 	 0.0209641 	 -0.0360174 	 -0.00457
817 	 0.114481 	 -0.00955903 	 0.30643
818 	 0.110723 	 -0.139976 	 0.113023
819 	 0.0647597 	 0.0323854 	 0.123652
820 	 0.0641815 	 -0.0837951 	 0.00661519
821 	 -0.216082 	 -0.0902535 	 0.121763
822 	 0.0504502 	 -0.106573 	 0.221726
823 	 0.20836 	 0.0917604 	 0.14343
824 	 0.0745884 	 -0.0531007 	 0.0520967
825 	 0.0143875 	 -0.0277535 	 -0.0998293
826 	 0.162758 	 -0.280253 	 0.00502259
827 	 -0.0859955 	 0.0275937 	 -0.12157
828 	 -0.272597 	 -0.0628924 	 -0.00553296
829 	 -0.0294081 	 0.0705104 	 -0.108496
830 	 0.24623 	 0.0372465 	 -0.0711256
831 	 0.150472 	 0.00439931 	 -0.233644
832 	 -0.0243492 	 0.270163 	 -0.0850515
833 	 -0.00866662 	 0.0712743 	 -0.0220144
834 	 0.185884 	 0.00266319 	 -0.140311
835 	 0.11188 	 0.0184965 	 -0.203644
836 	 -0.0218198 	 -0.131642 	 0.0215781
837 	 0.0654824 	 -0.0365729 	 -0.0914219
838 	 -0.0187844 	 -0.0744896 	 0.0916893
839 	 0.0907046 	 0.0153715 	 -0.0360144
840 	 0.03325 	 0.140927 	 -0.0600144
841 	 0.0299978 	 -0.140809 	 -0.122459
842 	 -0.00483631 	 0.139747 	 -0.0888293
843 	 -0.0367796 	 -0.0251146 	 0.0290596
844 	 0.039682 	 -0.0599063 	 -0.167792
845 	 0.00723278 	 -0.251087 	 -0.0404959
846 	 0.0653379 	 -0.403517 	 0.0322078
847 	 -0.0255778 	 -0.0207396 	 0.0495411
848 	 -0.0137978 	 -0.0316424 	 -0.161903
849 	 -0.271585 	 0.0183576 	 0.0788374
850 	 0.0545696 	 -0.0392118 	 0.0718004
851 	 0.0834776 	 -0.139628 	 0.01143
852 	 0.17396 	 -0.113378 	 0.0599115
853 	 0.0932341 	 0.143774 	 0.283726
854 	 -0.0796358 	 -0.206503 	 0.112652
855 	 0.077407 	 -0.0892813 	 0.215097
856 	 0.035129 	 0.136413 	 -0.0551996
857 	 0.105375 	 0.0687743 	 0.224986
858 	 0.0814541 	 0.196899 	 0.0778744
859 	 -0.0536186 	 -0.0896979 	 0.00694852
860 	 -0.0322989 	 0.000440972 	 0.140541
861 	 0.150038 	 0.059191 	 -0.0214589
862 	 -0.0163272 	 -0.10067 	 -0.0851996
863 	 0.084923 	 -0.118031 	 -0.0731996
864 	 -0.00729349 	 -0.0186563 	 0.00609667
865 	 -0.152845 	 0.0168993 	 -0.179607
866 	 0.0224818 	 -0.0892118 	 -0.341903
867 	 -0.0531849 	 -0.0983785 	 0.0515041
868 	 -0.101895 	 -0.00823958 	 -0.0593478
869 	 0.286412 	 0.15676 	 -0.0187552
870 	 0.177501 	 -0.106503 	 0.0490596
871 	 0.057605 	 -0.0719896 	 -0.0537181
872 	 -0.0781904 	 -0.0537257 	 -0.0450144
873 	 0.00651008 	 -0.118726 	 -0.0981256
874 	 0.0448855 	 0.045441 	 -0.0551626
875 	 -0.0667717 	 -0.127892 	 0.175208
876 	 0.113036 	 -0.0103229 	 0.112097
877 	 -0.204663 	 -0.267476 	 0.1638
878 	 0.0144598 	 0.0880799 	 0.0911707
879 	 0.107688 	 -0.0563646 	 0.100949
880 	 0.0299978 	 0.034191 	 0.15106
881 	 0.140426 	 -0.153865 	 0.0707263
882 	 0.161818 	 -0.0117813 	 0.0447263
883 	 0.176561 	 -0.221226 	 0.0613189
884 	 -0.00122281 	 0.00981597 	 -0.180681
885 	 -0.197291 	 0.072316 	 -0.0290144
886 	 0.00282431 	 -0.00414236 	 -0.0868293
887 	 0.053341 	 -0.00296181 	 0.185097
888 	 -0.022687 	 -0.0276146 	 0.0641707
889 	 0.135151 	 0.241205 	 -0.0486441
890 	 -0.283293 	 -0.115115 	 0.0470226
891 	 -0.0511614 	 -0.261573 	 0.18243
892 	 0.289519 	 0.0262743 	 0.203356
893 	 0.129441 	 0.0707882 	 0.0976152
894 	 -0.13261 	 0.096066 	 -0.10557
895 	 0.263864 	 -0.222615 	 0.066393
896 	 0.0258784 	 -0.122962 	 0.0538744
897 	 0.131176 	 -0.312337 	 0.038393
898 	 0.0680119 	 0.0823854 	 -0.197977
899 	 0.278968 	 0.0865521 	 0.0136152
900 	 0.22014 	 -0.185115 	 0.0599856
901 	 -0.101823 	 -0.0978924 	 -0.117051
902 	 -0.148798 	 -0.0946285 	 0.0446152
903 	 0.0318769 	 -0.247476 	 -0.00842185
904 	 0.0552923 	 -0.359559 	 0.00743
905 	 -0.0199407 	 0.155024 	 0.0246152
906 	 0.0253003 	 -0.0329618 	 -0.0143107
907 	 -0.00902797 	 -0.280809 	 0.0899856
908 	 0.211612 	 -0.293309 	 1.09699
909 	 -0.139981 	 -0.268726 	 0.155578
910 	 0.0670723 	 -0.0867813 	 0.0145411
911 	 0.0453191 	 -0.308726 	 0.159319
912 	 0.0414165 	 -0.240392 	 0.08443
913 	 0.0190851 	 -0.100115 	 0.0233559
914 	 -0.0924275 	 0.0942604 	 -0.00057
915 	 -0.0129305 	 -0.153726 	 -0.0137552
916 	 0.0360685 	 -0.154281 	 -0.0184219
917 	 -0.0766727 	 0.040441 	 0.301504
918 	 -0.274692 	 -0.25942 	 0.0185411
919 	 0.0511729 	 -0.188101 	 0.144578
920 	 -0.120685 	 -0.294003 	 -0.107385
921 	 -0.118228 	 0.00842708 	 -0.0368293
922 	 -0.0943788 	 -0.32942 	 -0.0603478
923 	 -0.215648 	 0.0801632 	 0.000170741
924 	 0.0913551 	 -0.0236563 	 0.0810596
925 	 0.0416333 	 -0.243795 	 0.136652
926 	 0.114554 	 -0.0381007 	 -0.153903
927 	 -0.131381 	 0.0231493 	 -0.105829
928 	 -0.0376469 	 -0.33949 	 -0.00734778
929 	 -0.0441512 	 -0.383726 	 -0.04557
930 	 0.0935954 	 -0.0947674 	 -0.0126811
931 	 0.0714808 	 -0.0924757 	 0.0512448
932 	 0.0363576 	 -0.0544896 	 -0.00971815
933 	 -0.194906 	 -0.279142 	 0.0415411
934 	 0.0121471 	 -0.0742813 	 0.210874
935 	 0.0140262 	 -0.0212951 	 -0.122051
936 	 0.175911 	 -0.353378 	 -0.083533
937 	 -0.149521 	 -0.335809 	 0.177652
938 	 0.0611462 	 -0.138378 	 0.0465041
939 	 -0.181826 	 -0.319142 	 -0.109866
940 	 -0.0935839 	 -0.117962 	 -0.0058663
941 	 -0.0286854 	 -0.399281 	 0.0156152
942 	 0.0230599 	 -0.152892 	 -0.0253478
943 	 0.105665 	 -0.0565035 	 0.0593559
944 	 -0.036346 	 -0.0951146 	 0.134911
945 	 0.0268902 	 -0.17942 	 0.265726
946 	 -0.0613514 	 -0.184351 	 0.159356
947 	 -0.0191458 	 0.0845382 	 0.0881707
948 	 0.102918 	 -0.202337 	 0.123837
949 	 0.0594117 	 -0.285878 	 0.0579115
950 	 -0.150388 	 -0.237198 	 0.111504
951 	 0.273042 	 0.25301 	 0.120467
952 	 0.198821 	 0.030441 	 0.161245
953 	 0.134428 	 -0.277476 	 -0.0834589
954 	 -0.0265896 	 -0.132406 	 0.105393
955 	 0.0197355 	 0.0418993 	 -0.0112737
956 	 0.240376 	 -0.239698 	 -0.0272367
957 	 -0.0381528 	 -0.372406 	 -0.0148663
958 	 0.0467645 	 -0.035184 	 0.150504
959 	 -0.0480538 	 -0.109351 	 0.0162819
960 	 0.0776238 	 -0.354698 	 0.148911
961 	 0.0137371 	 -0.126573 	 -0.08757
962 	 0.144979 	 0.0387049 	 0.134208
963 	 -0.0920662 	 -0.191087 	 0.0289856
964 	 0.0697463 	 0.073566 	 -0.00905148
965 	 0.168684 	 -0.214628 	 0.0587633
966 	 0.108917 	 -0.093934 	 0.163986
967 	 -0.307142 	 -0.093309 	 -0.2182
968 	 0.0770456 	 -0.0178229 	 0.0306522
969 	 0.186968 	 -0.214698 	 0.0483559
970 	 0.0890424 	 0.228149 	 0.0112448
971 	 0.0379475 	 0.135858 	 0.0710967
972 	 -0.13485 	 -0.0567118 	 0.0241337
973 	 0.281136 	 -0.109281 	 0.344763
974 	 -0.177489 	 -0.13817 	 0.17443
975 	 0.217972 	 -0.0342813 	 0.0567633
976 	 0.144907 	 0.218913 	 0.0829485
977 	 0.0989434 	 0.0957882 	 -0.0483107
978 	 0.0206027 	 -0.00233681 	 0.0173559
979 	 -0.0439344 	 -0.0924063 	 0.0103189
980 	 0.0651211 	 -0.0818507 	 0.098393
981 	 0.170418 	 -0.138378 	 -0.151422
982 	 0.0766843 	 -0.138031 	 -0.164274
983 	 0.118745 	 -0.0398368 	 0.0272448
984 	 0.166371 	 0.151691 	 -0.147718
985 	 0.0543528 	 -0.102059 	 0.0577263
986 	 0.0766843 	 -0.0533785 	 0.08543
987 	 0.396551 	 -0.145253 	 0.0508004
988 	 0.175477 	 -0.0819896 	 0.0286152
989 	 0.172514 	 0.0686354 	 0.249874
990 	 0.11029 	 -0.254767 	 -0.0544589
991 	 -0.0596892 	 0.11926 	 0.100356
992 	 0.0663496 	 0.0325937 	 0.256911
993 	 0.142378 	 -0.00226736 	 0.0178374
994 	 0.0443073 	 -0.16699 	 0.0262078
995 	 0.236473 	 0.0978021 	 0.17943
996 	 0.221513 	 0.0307187 	 0.0545411
997 	 0.119902 	 -0.101087 	 0.221541
998 	 0.414836 	 0.111483 	 0.136245
999 	 0.107977 	 0.0382882 	 0.0753189
1000 	 0.235172 	 0.0172465 	 0.113837
1001 	 0.0789246 	 0.0603021 	 0.0426522
1002 	 0.13385 	 0.114608 	 0.0711707
1003 	 0.185595 	 -0.0184479 	 -0.04157
1004 	 0.301155 	 -0.132753 	 0.0941707
1005 	 -0.0365628 	 -0.143795 	 -0.0746441
1006 	 0.0376585 	 -0.242267 	 -0.00419963
1007 	 -0.0789131 	 -0.00289236 	 -0.0899774
1008 	 0.0961249 	 -0.107198 	 0.0435041
1009 	 -0.100811 	 0.0314132 	 -0.0353478
1010 	 0.216744 	 0.0761354 	 -0.0460885
1011 	 0.0828272 	 0.241483 	 -0.0153107
1012 	 -0.189053 	 -0.0827535 	 0.10106
1013 	 -0.0552085 	 0.0107882 	 -0.128496
1014 	 0.208577 	 -0.0868507 	 -0.0490515
1015 	 -0.0239879 	 0.0196771 	 -0.0509774
1016 	 -0.146847 	 0.109399 	 -0.080533
1017 	 0.171286 	 0.133913 	 -0.0128293
1018 	 -0.122492 	 -0.0506701 	 -0.184607
1019 	 -0.143017 	 0.14183 	 0.200652
1020 	 -0.119529 	 -0.00671181 	 0.0445411
1021 	 -0.026156 	 -0.196017 	 0.00920778
1022 	 0.0940291 	 -0.296573 	 -0.0351626
1023 	 0.0221204 	 -0.13192 	 0.0625411
1024 	 -0.0362738 	 -0.179767 	 -0.18057
1025 	 0.193978 	 0.0243299 	 0.07643
1026 	 0.0832608 	 -0.159281 	 -0.105163
1027 	 0.0440905 	 0.0387743 	 0.0250226
1028 	 0.0989434 	 -0.026434 	 -0.0421996
1029 	 0.0839113 	 0.147455 	 0.0890967
1030 	 0.0263121 	 -0.0162951 	 0.135949
1031 	 0.193256 	 -0.111156 	 -0.0539774
1032 	 0.0714808 	 0.111413 	 0.232504
1033 	 -0.0522454 	 0.187941 	 0.109578
1034 	 -0.117939 	 0.0264826 	 0.0119485
1035 	 -0.249759 	 -0.166087 	 -0.0338663
1036 	 -0.246363 	 -0.180809 	 -0.168126
1037 	 -0.135284 	 9.375e-05 	 0.136615
1038 	 0.0707581 	 -0.0465035 	 -0.0740885
1039 	 -0.119601 	 0.0467604 	 0.0669485
1040 	 0.219996 	 -0.0275451 	 -0.0598293
1041 	 0.0595563 	 0.00932986 	 0.022393
1042 	 -0.0348284 	 -0.0862951 	 0.0187263
1043 	 0.197881 	 0.0544687 	 0.097467
1044 	 0.132983 	 0.125788 	 0.0545411
1045 	 -0.00418588 	 -0.156851 	 -0.0453848
1046 	 -0.0419108 	 -0.0488646 	 -0.0543848
1047 	 0.00961769 	 0.042316 	 -0.0801996
1048 	 0.155964 	 0.0549549 	 0.039467
1049 	 -0.331786 	 0.170997 	 -0.0462737
1050 	 0.0375862 	 0.0694687 	 0.111949
1051 	 -0.145474 	 -0.0590729 	 -0.0693848
1052 	 0.234377 	 -0.375809 	 -0.0506441
1053 	 -0.0152432 	 -0.164628 	 -0.216089
1054 	 0.112892 	 -0.063934 	 -0.0261626
1055 	 0.0285524 	 -0.0254618 	 -0.223496
1056 	 0.0928727 	 -0.0338646 	 0.0157633
1057 	 0.102846 	 0.0203715 	 0.0573559
1058 	 -0.108761 	 -0.0624063 	 0.0657263
1059 	 0.0341895 	 0.0188437 	 0.0221707
1060 	 0.0149657 	 0.0975243 	 -0.116755
1061 	 0.119107 	 0.120024 	 0.11606
1062 	 0.245146 	 0.0993993 	 0.142578
1063 	 0.266393 	 0.0457187 	 0.108689
1064 	 -0.116349 	 -0.0346979 	 -0.134311
1065 	 -0.000283298 	 -0.0356701 	 -0.0849404
1066 	 0.0742993 	 0.0953021 	 0.0247633
1067 	 0.37169 	 0.0300243 	 0.249874
1068 	 4.10429 	 0.143844 	 0.308615
1069 	 3.49715 	 -0.0777535 	 0.335023
1070 	 52.0804 	 -0.0356701 	 0.131541
1071 	 1.63584 	 -0.00830903 	 0.0481707
1072 	 0.305852 	 0.14051 	 0.114652
1073 	 -0.150894 	 -0.250253 	 0.097393
1074 	 -0.0589665 	 -0.0872674 	 -0.100681
1075 	 -0.0520286 	 -0.165601 	 -0.128459
1076 	 0.0177119 	 -0.179212 	 0.0592448
1077 	 0.15199 	 -0.00830903 	 -0.0969033
1078 	 0.0703968 	 0.136274 	 0.222689
1079 	 0.048499 	 -0.0454618 	 -0.103681
1080 	 -0.194762 	 0.0212743 	 0.00265222
1081 	 0.106243 	 -0.0756701 	 -0.0693478
1082 	 0.000367132 	 0.0850243 	 0.0330596
1083 	 0.294867 	 -0.0121285 	 -0.0439774
1084 	 0.184367 	 -0.112753 	 0.0608744
1085 	 0.278101 	 -0.132545 	 -0.205866
1086 	 0.175188 	 0.0547465 	 -0.00331074
1087 	 0.0286247 	 -0.0736563 	 0.219023
1088 	 0.113903 	 0.161552 	 0.139467
1089 	 0.113325 	 -0.0463646 	 0.147652
1090 	 0.179235 	 0.0897465 	 0.262615
1091 	 0.0143152 	 -0.102337 	 0.119393
1092 	 0.166371 	 -0.11817 	 0.0636522
1093 	 0.0242162 	 -0.0485174 	 0.13343
1094 	 0.141438 	 -0.0726146 	 -0.0466811
1095 	 0.169696 	 -0.0640729 	 0.10306
1096 	 0.108628 	 -0.0722674 	 0.00268926
1097 	 -0.0422722 	 0.00884375 	 -0.025533
1098 	 0.122793 	 0.0575243 	 0.122578
1099 	 -0.00353545 	 -0.122545 	 0.0223559
1100 	 0.0312987 	 0.140997 	 -0.00905148
1101 	 0.16442 	 0.0880799 	 0.173134
1102 	 -0.109989 	 0.308705 	 0.0979485
1103 	 0.121203 	 0.0880104 	 -0.0222367
1104 	 -0.134922 	 0.0668993 	 0.0290226
1105 	 0.00831683 	 -0.00254514 	 -0.0914589
1106 	 -0.145185 	 -0.0548368 	 0.0566522
1107 	 0.0898374 	 0.13558 	 0.0287263
1108 	 -0.0393091 	 0.110788 	 0.0928374
1109 	 0.11253 	 0.13933 	 0.309911
1110 	 0.0135925 	 0.00280208 	 0.325541
1111 	 0.135367 	 0.0207882 	 0.0611707
1112 	 0.0611462 	 -0.133309 	 0.200282
1113 	 -0.0577379 	 -0.0715729 	 -0.0266811
1114 	 0.0433678 	 0.0239826 	 0.0919115
1115 	 0.15582 	 -0.112823 	 -0.000347778
1116 	 0.0776238 	 0.0932187 	 -0.131755
1117 	 -0.0266618 	 0.0965521 	 0.113356
1118 	 -0.0140869 	 0.24808 	 0.0153559
1119 	 0.239798 	 -0.00858681 	 0.0922819
1120 	 0.0153993 	 -0.0403924 	 -0.0632737
1121 	 -0.0523177 	 -0.0309479 	 0.144023
1122 	 -0.111218 	 0.0103021 	 0.0398744
1123 	 -0.054269 	 -0.0954618 	 0.00357815
1124 	 0.161674 	 0.283219 	 -0.0543848
1125 	 -0.431807 	 -0.13442 	 0.0423559
1126 	 0.195568 	 0.0196076 	 0.0896152
1127 	 0.125322 	 0.186691 	 -0.0946441
1128 	 -0.14504 	 -0.0917813 	 0.0818004
1129 	 0.0372971 	 -0.0375451 	 0.279282
1130 	 0.145052 	 0.0244687 	 0.168986
1131 	 0.0293474 	 0.112524 	 0.0983559
1132 	 0.0942459 	 0.156413 	 0.0440967
1133 	 0.315609 	 -0.203517 	 -0.0614219
1134 	 0.0616521 	 -0.0819201 	 0.210208
1135 	 0.00961769 	 -0.0299063 	 0.112097
1136 	 0.232932 	 -0.137059 	 -0.0516441
1137 	 0.134862 	 -0.0550451 	 0.0599485
1138 	 0.0726371 	 0.0245382 	 0.153615
1139 	 0.132115 	 -0.0562951 	 0.122208
1140 	 0.0969199 	 -0.066434 	 0.0129115
1141 	 -0.113964 	 -0.0866424 	 0.0807633
1142 	 0.0871634 	 -0.0216424 	 0.115023
1143 	 -0.1011 	 0.0946771 	 0.401319
1144 	 0.0669278 	 -0.23692 	 20.646
1145 	 0.0782742 	 -0.145253 	 12.171
1146 	 0.030576 	 0.00662153 	 1.17791
1147 	 0.132694 	 0.00794097 	 0.462393
1148 	 0.281642 	 0.153497 	 0.302986
1149 	 0.228018 	 0.00530208 	 0.189023
1150 	 -0.078624 	 -0.0825451 	 0.0196522
1151 	 0.156759 	 -0.0974757 	 0.224949
1152 	 0.296241 	 -0.220948 	 -0.0201626
1153 	 0.0723481 	 -0.103378 	 0.058393
1154 	 0.0434401 	 -0.0106007 	 0.0200967
1155 	 0.106821 	 0.0180799 	 0.0877263
1156 	 -0.0934393 	 0.0276632 	 0.057467
1157 	 0.327244 	 -0.000184028 	 0.200134
1158 	 0.042356 	 0.0696076 	 0.104097
1159 	 -0.108616 	 -0.104281 	 0.0557263
1160 	 0.287134 	 -0.231851 	 0.0908744
1161 	 0.0965585 	 -0.0509479 	 0.0451337
1162 	 -0.0106902 	 -0.0177535 	 -0.0953848
1163 	 -0.0710356 	 0.153705 	 0.168393
1164 	 -0.0271677 	 0.0209965 	 0.0979115
1165 	 0.268344 	 0.0307187 	 0.111837
1166 	 -0.00223459 	 0.147038 	 0.0776893
1167 	 0.0518956 	 -0.0410868 	 0.0303559
1168 	 0.134934 	 0.0771076 	 0.0893189
1169 	 -0.0613514 	 -0.139351 	 -0.0696811
1170 	 0.0862962 	 -0.0624757 	 0.0913189
1171 	 0.129441 	 0.0739826 	 0.06943
1172 	 0.127562 	 -0.134976 	 0.0971337
1173 	 0.199037 	 0.105024 	 -0.00645889
1174 	 0.200483 	 0.11551 	 0.177949
1175 	 0.0623025 	 0.277663 	 0.191282
1176 	 0.20771 	 0.0619687 	 0.064467
1177 	 0.037008 	 0.222872 	 -0.0294589
1178 	 0.2093 	 0.156552 	 0.139467
1179 	 0.0735766 	 -0.130809 	 0.210689
1180 	 -0.143089 	 -0.0971979 	 0.275171
1181 	 0.274849 	 -0.0291424 	 0.232023
1182 	 0.0299978 	 -0.0524063 	 0.196319
1183 	 0.213564 	 0.211691 	 0.171652
1184 	 0.0788524 	 0.225094 	 0.025467
1185 	 0.135801 	 -0.11442 	 0.116986
1186 	 0.0698909 	 -0.0136563 	 0.00931889
1187 	 0.0702522 	 0.0794687 	 0.115837
1188 	 0.294506 	 0.0753715 	 0.205245
1189 	 -0.0784794 	 0.018566 	 0.0921337
1190 	 0.205903 	 0.152455 	 -0.0577922
1191 	 0.145558 	 0.0580104 	 0.0766152
1192 	 0.0429342 	 0.0707882 	 0.0456522
1193 	 0.0843449 	 -0.0522674 	 0.102837
1194 	 -0.102473 	 -0.0523368 	 0.0108004
1195 	 0.0547142 	 -0.0294201 	 0.263134
1196 	 0.0181456 	 -0.0106007 	 0.02443
1197 	 -0.0784072 	 0.158635 	 0.0245411
1198 	 0.169407 	 -0.0110868 	 0.143208
1199 	 0.26249 	 0.204538 	 0.2428
1200 	 0.0151825 	 0.161899 	 0.142282
1201 	 0.158711 	 0.277941 	 0.125245
1202 	 0.239436 	 -0.101434 	 0.0188004
1203 	 -0.00938932 	 -0.122337 	 0.102319
1204 	 -0.030998 	 0.0467604 	 0.169726
1205 	 -0.0818039 	 0.233149 	 0.0610226
1206 	 0.0814541 	 0.0276632 	 0.0139115
1207 	 -0.0901149 	 -0.110948 	 -0.0440144
1208 	 0.133633 	 -0.105601 	 0.0655781
1209 	 0.0690236 	 0.0145382 	 -0.137422
1210 	 0.17078 	 0.0583576 	 0.0447633
1211 	 -0.00216232 	 0.0519687 	 -0.0389404
1212 	 0.228957 	 0.0582187 	 -0.08557
1213 	 -0.177851 	 0.016691 	 0.0255041
1214 	 0.120119 	 0.353358 	 0.130171
1215 	 0.0371526 	 0.157247 	 -0.109607
1216 	 0.118962 	 -0.114906 	 -0.0342367
1217 	 -0.0302031 	 0.0518299 	 0.0772448
1218 	 -0.0977033 	 -0.102476 	 0.0835411
1219 	 0.0357794 	 -0.016434 	 0.037393
1220 	 -0.0415495 	 0.00495486 	 0.0659856
1221 	 -0.112952 	 -0.0852535 	 0.128763
1222 	 -0.0865014 	 0.127941 	 0.0161707
1223 	 0.259527 	 -0.0584479 	 0.0208004
1224 	 0.0229876 	 -0.0499063 	 0.144837
1225 	 0.251939 	 0.019816 	 0.0186522
1226 	 -0.069807 	 -0.104559 	 0.136726
1227 	 0.0480653 	 0.0255799 	 -0.0488293
1228 	 0.0722035 	 -0.0841424 	 0.0205781
1229 	 0.149821 	 -0.0706007 	 0.00950407
1230 	 0.0338281 	 0.221899 	 0.183282
1231 	 -0.012786 	 0.245927 	 0.080393
1232 	 0.119829 	 0.67426 	 0.172504
1233 	 0.0560873 	 0.697108 	 0.163874
1234 	 0.174176 	 0.806413 	 0.268467
1235 	 0.123154 	 5.35364 	 0.168245
1236 	 0.189715 	 33.0482 	 0.0148004
1237 	 -0.001006 	 2.0512 	 0.174763
1238 	 -0.141643 	 0.565927 	 0.0238374
1239 	 0.0867298 	 0.303358 	 -0.00608852
1240 	 0.0750943 	 0.159538 	 -0.00242185
1241 	 0.111374 	 0.163774 	 0.0768744
1242 	 0.0635311 	 0.267663 	 0.041393
1243 	 0.0301424 	 0.140302 	 -0.02657
1244 	 -0.0194348 	 0.035441 	 0.092393
1245 	 -0.05239 	 0.0357882 	 -0.0779033
1246 	 -0.134344 	 -0.0649063 	 0.02343
1247 	 0.112241 	 -0.0927535 	 -0.0410515
1248 	 0.0198078 	 -0.174559 	 -0.0058663
1249 	 0.0357794 	 -0.0298368 	 -0.0613848
1250 	 0.058689 	 -0.096434 	 -0.0334589
1251 	 0.14881 	 -0.158587 	 0.18506
1252 	 -0.0338166 	 0.00564931 	 -0.128755
1253 	 0.0377307 	 -0.0780313 	 -0.0894959
1254 	 0.193617 	 -0.104698 	 -0.0846811
1255 	 0.00369155 	 0.197524 	 -0.00779222
1256 	 0.0674337 	 0.017316 	 -0.381014
1257 	 -0.227067 	 0.0550937 	 -0.0814959
1258 	 -0.0178449 	 0.0334965 	 -0.073533
1259 	 0.16377 	 0.103358 	 0.159356
1260 	 -0.00396907 	 -0.180392 	 0.127134
1261 	 -0.102329 	 0.208844 	 0.152615
1262 	 0.14021 	 -0.119212 	 -0.100866
1263 	 0.168034 	 0.179747 	 0.211726
1264 	 0.01988 	 0.039816 	 -0.0702367
1265 	 -0.105653 	 0.18058 	 0.0225041
1266 	 -0.0613514 	 -0.0112257 	 0.0629485
1267 	 0.0642538 	 -0.164976 	 0.135949
1268 	 -0.111579 	 0.0505799 	 0.164504
1269 	 0.0426451 	 0.12176 	 0.0339856
1270 	 0.0685177 	 0.190233 	 0.364874
1271 	 -0.112085 	 -0.0243507 	 0.157097
1272 	 -0.133983 	 -0.254142 	 0.146467
1273 	 -0.0732037 	 -0.186017 	 0.0928744
1274 	 0.204891 	 0.221413 	 0.0878744
1275 	 0.149821 	 -0.0628229 	 0.0478744
1276 	 0.232932 	 0.063566 	 0.0469115
1277 	 0.0181456 	 0.159955 	 0.0567263
1278 	 0.142305 	 -0.14317 	 -0.0109033
1279 	 -0.124082 	 -0.219003 	 0.0149856
1280 	 -0.0468974 	 0.110719 	 -0.187681
1281 	 -0.0373578 	 0.0844687 	 -0.192089
1282 	 0.0588336 	 -0.058934 	 0.0105411
1283 	 0.0239994 	 -0.0830313 	 -0.0364959
1284 	 -0.166866 	 -0.0274063 	 0.109874
1285 	 0.202217 	 -0.195531 	 0.105763
1286 	 -0.182982 	 -0.20442 	 0.0119856
1287 	 -0.0476924 	 -0.0837951 	 0.0271707
1288 	 0.109567 	 -0.087059 	 -0.126126
1289 	 0.161312 	 -0.0433785 	 0.0400596
1290 	 -0.101967 	 -0.0717813 	 0.0516893
1291 	 -0.0955352 	 -0.224906 	 -0.0856441
1292 	 -0.155881 	 -0.378517 	 -0.0289774
1293 	 0.124816 	 -0.0549757 	 -0.0230515
1294 	 -0.000644648 	 0.00676042 	 -0.0827552
1295 	 -0.121552 	 -0.0302535 	 0.0262448
1296 	 0.0300701 	 0.0456493 	 0.09243
1297 	 0.106315 	 -0.125184 	 0.00957815
1298 	 -0.127117 	 0.0500243 	 0.0490967
1299 	 -0.086935 	 -0.172267 	 -0.0726441
1300 	 -0.0784794 	 -0.0181007 	 0.213874
1301 	 -0.363874 	 0.107802 	 -0.00701444
1302 	 0.00195707 	 0.0499549 	 -0.0628293
1303 	 -0.431446 	 0.00398264 	 -0.0724959
1304 	 -0.166938 	 -0.152823 	 -0.121274
1305 	 -0.189486 	 -0.261226 	 -0.0260885
1306 	 -0.258287 	 0.105997 	 -0.0110885
1307 	 -0.130731 	 -0.14942 	 -0.320051
1308 	 -0.172864 	 -0.459559 	 -0.0321256
1309 	 -0.201555 	 0.0155799 	 0.0593559
1310 	 -0.161012 	 -0.151017 	 -0.0169033
1311 	 -0.0715415 	 -0.249351 	 -0.0574959
1312 	 -0.0452352 	 -0.156503 	 0.14406
1313 	 -0.101244 	 -0.349559 	 -0.0996441
1314 	 0.0476317 	 -0.198309 	 0.0973189
1315 	 -0.0567262 	 -0.0706007 	 -0.0743107
1316 	 -0.0802862 	 0.0361354 	 0.210837
1317 	 -0.178935 	 -0.371573 	 -0.0251626
1318 	 -0.0765281 	 -0.242267 	 0.0208004
1319 	 -0.235667 	 -0.169906 	 -0.107903
1320 	 -0.00685987 	 -0.220948 	 0.143023
1321 	 -0.286328 	 -0.206295 	 -0.0448663
1322 	 -0.471411 	 -0.0437257 	 0.0198374
1323 	 -0.134272 	 -0.102615 	 -0.00790333
1324 	 -0.137379 	 -0.0109479 	 0.0178004
1325 	 -0.231403 	 -0.145045 	 -0.053607
1326 	 -0.45927 	 -0.211087 	 -0.191422
1327 	 0.0102681 	 -0.034559 	 0.0272819
1328 	 -0.148003 	 -0.227059 	 0.209578
1329 	 -0.0802862 	 -0.245462 	 -0.0631256
1330 	 -0.0959688 	 -0.192059 	 0.119171
1331 	 -0.0493546 	 -0.0132396 	 -0.0630515
1332 	 -0.0634473 	 -0.309976 	 0.0773189
1333 	 -0.109556 	 -0.125878 	 0.213023
1334 	 -0.357803 	 -0.116365 	 -0.0614219
1335 	 -0.220707 	 0.0887743 	 0.0503559
1336 	 -0.0383696 	 -0.0377535 	 0.0885411
1337 	 -0.34689 	 -0.188517 	 -0.0371256
1338 	 -0.172575 	 -0.17699 	 -0.138385
1339 	 -0.146702 	 -0.20567 	 -0.05057
1340 	 -0.533275 	 -0.101017 	 0.0787633
1341 	 -0.334677 	 -0.170878 	 -0.147755
1342 	 -0.225404 	 0.0514826 	 -0.0142737
1343 	 -0.164625 	 -0.335045 	 0.0781337
1344 	 -0.0175558 	 -0.170809 	 0.0120596
1345 	 -0.29052 	 -0.258448 	 0.00191148
1346 	 -0.238991 	 -0.242753 	 -0.0913478
1347 	 -0.341759 	 -0.0942813 	 -0.0879404
1348 	 -0.245712 	 -0.0512951 	 0.0419115
1349 	 -0.180452 	 -0.148726 	 -0.0729404
1350 	 -0.0731315 	 -0.269142 	 0.0737633
1351 	 -0.101461 	 -0.0973368 	 0.03943
1352 	 -0.276572 	 -0.0812257 	 -0.0833848
1353 	 -0.193244 	 -0.353448 	 -0.0331256
1354 	 -0.0306367 	 -0.475948 	 0.0890226
1355 	 -0.401526 	 -0.0318507 	 -0.100496
1356 	 -0.232415 	 -0.256781 	 0.149911
1357 	 -0.0638809 	 -0.140115 	 0.1268
1358 	 -0.187246 	 -0.284003 	 0.0112078
1359 	 -0.336267 	 -0.0563646 	 -0.109051
1360 	 -0.23863 	 -0.0335868 	 -0.105051
1361 	 -0.0161104 	 -0.346781 	 -0.0909774
1362 	 -0.303384 	 -0.157406 	 0.0880967
1363 	 -0.367126 	 -0.171226 	 -0.139385
1364 	 -0.227572 	 -0.163309 	 -0.183644
1365 	 -0.375798 	 -0.175809 	 -0.159459
1366 	 -0.0281072 	 -0.335531 	 0.0619115
1367 	 -0.0244215 	 -0.115184 	 0.0998374
1368 	 -0.148365 	 -0.236781 	 -0.249977
1369 	 -0.0188567 	 0.0324549 	 0.02243
1370 	 -0.278956 	 -0.0392118 	 0.154171
1371 	 -0.250048 	 0.0505104 	 0.00557815
1372 	 -0.0255778 	 0.00335764 	 -0.188051
1373 	 -0.178357 	 -0.0158785 	 -0.0496441
1374 	 -0.227356 	 -0.214976 	 -0.109422
1375 	 -0.293483 	 0.0236354 	 0.011467
1376 	 -0.563411 	 -0.172406 	 -0.0467552
1377 	 -0.34624 	 -0.177545 	 0.133689
1378 	 0.149099 	 -0.0716424 	 -0.0523107
1379 	 -0.222152 	 -0.0337951 	 0.0895411
1380 	 -0.212902 	 -0.235601 	 0.0342078
1381 	 -0.0335998 	 -0.129698 	 -0.016533
1382 	 -0.0711079 	 -0.0944896 	 0.0260226
1383 	 -0.176478 	 -0.142615 	 -0.0311996
1384 	 -0.631995 	 -0.39449 	 -0.00742185
1385 	 -0.318054 	 -0.181503 	 0.0299856
1386 	 -0.202061 	 -0.355323 	 0.00187444
1387 	 -0.110206 	 -0.0266424 	 0.00794852
1388 	 -0.170046 	 -0.145323 	 -0.0783107
1389 	 -0.0453798 	 -0.280115 	 -0.0364959
1390 	 -0.0315039 	 -0.233934 	 -0.0521996
1391 	 -0.385049 	 0.0503715 	 -0.0820885
1392 	 -0.1269 	 -0.152753 	 -0.0153107
1393 	 -0.39719 	 -0.100184 	 -0.0703107
1394 	 -0.336628 	 -0.199212 	 0.00905963
1395 	 -0.23068 	 -0.100184 	 0.0156522
1396 	 -0.16065 	 -0.0253924 	 0.139652
1397 	 -0.00165643 	 -0.0812257 	 -0.132014
1398 	 0.243772 	 -0.223795 	 0.0880596
1399 	 -0.133549 	 -0.243101 	 0.00502259
1400 	 -0.325571 	 -0.133517 	 0.0443559
1401 	 -0.20076 	 -0.147684 	 -0.0488293
1402 	 -0.038225 	 -0.0406007 	 0.0315041
1403 	 -0.0106179 	 -0.171087 	 0.022467
1404 	 -0.0291913 	 0.0178715 	 -0.100163
1405 	 -0.180525 	 -0.331226 	 -0.171755
1406 	 0.0503057 	 -0.174142 	 -0.0713848
1407 	 -0.275343 	 -0.125184 	 -0.0761626
1408 	 -0.350504 	 -0.0333785 	 -0.102496
1409 	 -0.490708 	 -0.242615 	 -0.174089
1410 	 -0.408826 	 0.0557187 	 -0.0622737
1411 	 0.0107017 	 -0.231087 	 -0.1902
1412 	 -0.4042 	 -0.204003 	 0.0255411
1413 	 -0.513834 	 0.0500937 	 -0.0326441
1414 	 0.114265 	 -0.182615 	 -0.0529774
1415 	 -0.149449 	 -0.212059 	 -0.0311996
1416 	 -0.124805 	 0.0650243 	 -0.226607
1417 	 -0.287918 	 -0.264073 	 0.0690967
1418 	 -0.262551 	 -0.148517 	 0.0691707
1419 	 -0.0937284 	 -0.292128 	 -0.0451256
1420 	 -0.225115 	 0.0678715 	 0.0659856
1421 	 -0.361706 	 -0.182406 	 0.0415411
1422 	 -0.424147 	 0.0378715 	 0.00357815
1423 	 0.0297088 	 -0.0535868 	 -0.0479404
1424 	 -0.0853451 	 -0.216087 	 -0.0534959
1425 	 -0.342699 	 0.059816 	 0.00709667
1426 	 -0.143233 	 -0.252753 	 -0.00671815
1427 	 -0.0651095 	 -0.210392 	 0.0902819
1428 	 0.0657715 	 0.0850243 	 0.256763
1429 	 -0.170913 	 -0.111156 	 0.151949
1430 	 -0.205386 	 0.0273854 	 0.0266893
1431 	 -0.239425 	 -0.219281 	 -0.0681256
1432 	 -0.227789 	 -0.0569201 	 0.0148744
1433 	 -0.0996545 	 0.106274 	 -0.0180144
1434 	 0.0275407 	 -0.0157396 	 -0.00457
1435 	 -0.11512 	 -0.267267 	 0.01043
1436 	 -0.0704575 	 -0.0718507 	 -0.00212556
1437 	 -0.256553 	 -0.223726 	 0.116911
1438 	 -0.0972696 	 -0.11449 	 0.0159115
1439 	 -0.230608 	 -0.146851 	 0.0316893
1440 	 -0.0878745 	 -0.240601 	 0.132467
1441 	 -0.193533 	 -0.0946979 	 0.312689
1442 	 -0.0425612 	 -0.221365 	 0.129615
1443 	 0.052257 	 -0.0677535 	 0.0719115
1444 	 -0.301143 	 -0.231712 	 0.0471707
1445 	 -0.16701 	 -0.138587 	 -0.0413848
1446 	 -0.182042 	 -0.156226 	 -0.0609774
1447 	 -0.298758 	 -0.0803229 	 -0.0594219
1448 	 -0.216082 	 -0.15442 	 -0.0111996
1449 	 -0.475892 	 -0.201851 	 -0.0149404
1450 	 -0.20076 	 0.0680799 	 -0.0214589
1451 	 -0.00483631 	 -0.196642 	 -0.126311
1452 	 -0.354189 	 -0.0994201 	 -0.0434959
1453 	 -0.00592036 	 -0.197545 	 0.0953189
1454 	 0.161312 	 -0.045184 	 0.179726
1455 	 -0.287412 	 -0.239281 	 -0.0757922
1456 	 0.116939 	 -0.224767 	 0.149986
1457 	 0.0969921 	 -0.196017 	 0.113504
1458 	 -0.048921 	 -0.172198 	 0.124245
1459 	 0.0430064 	 0.111205 	 0.203615
1460 	 -0.209866 	 -0.140253 	 -0.0317181
1461 	 0.0179287 	 -0.153656 	 0.126282
1462 	 0.0453191 	 -0.106781 	 0.0402819
1463 	 0.040477 	 -0.000322917 	 -0.208385
1464 	 -0.134344 	 -0.250253 	 0.0100967
1465 	 -0.119457 	 -0.0665035 	 0.0441337
1466 	 0.0167724 	 0.126413 	 -0.0673107
1467 	 -0.121914 	 0.0837049 	 -0.0907922
1468 	 -0.354551 	 -0.31074 	 0.0087263
1469 	 -0.0930057 	 -0.0366424 	 -0.02557
1470 	 -0.276716 	 -0.240462 	 0.03943
1471 	 0.173454 	 -0.115253 	 -0.0360885
1472 	 -0.0457411 	 -0.279976 	 0.105282
1473 	 -0.0541967 	 -0.0862951 	 0.132245
1474 	 0.0263843 	 -0.333865 	 0.690504
1475 	 0.0438014 	 -0.0721979 	 26.0882
1476 	 -0.257565 	 -0.268309 	 5.8321
1477 	 -0.146991 	 -0.22942 	 1.16765
1478 	 -0.229885 	 -0.260253 	 0.431986
1479 	 -0.151039 	 -0.534698 	 0.21506
1480 	 -0.241015 	 -0.232545 	 0.167356
1481 	 -0.106592 	 -0.0846285 	 0.0725411
1482 	 -0.028035 	 -0.152962 	 0.0193189
1483 	 -0.241665 	 -0.329628 	 -0.0807552
1484 	 -0.301432 	 -0.199281 	 -0.0917922
1485 	 -0.225983 	 -0.193378 	 -0.100163
1486 	 -0.36568 	 -0.274976 	 -0.144311
1487 	 -0.0820207 	 -0.17442 	 0.220874
1488 	 -0.459559 	 -0.00143403 	 -0.00190333
1489 	 -0.0183508 	 -0.124212 	 -0.0211996
1490 	 -0.0939452 	 0.045441 	 -0.102274
1491 	 -0.169178 	 -0.0153229 	 -0.1022
1492 	 -0.100088 	 -0.111156 	 -0.0230515
1493 	 -0.172214 	 -0.110115 	 0.173504
1494 	 -0.362428 	 -0.151712 	 0.0531337
1495 	 -0.152339 	 -0.200878 	 0.121245
1496 	 -0.091488 	 -0.134212 	 -0.0620885
1497 	 -0.258215 	 -0.0367813 	 0.0820967
1498 	 -0.2017 	 -0.284142 	 -0.0746441
1499 	 -0.120468 	 -0.117406 	 -0.0714589
1500 	 -0.12849 	 -0.089559 	 -0.0148293
1501 	 -0.107098 	 -0.287753 	 0.122208
1502 	 -0.0633027 	 -0.22067 	 0.233023
1503 	 -0.271079 	 -0.200809 	 7.47899
1504 	 -0.202061 	 -0.11442 	 1.41454
1505 	 -0.0420554 	 -0.0661563 	 0.341134
1506 	 -0.207554 	 -0.159767 	 0.0190967
1507 	 -0.238124 	 -0.184281 	 0.0830226
1508 	 -0.0365628 	 -0.0185174 	 0.0105781
1509 	 0.259889 	 -0.0954618 	 0.0732819
1510 	 -0.241593 	 -0.0974063 	 -0.130422
1511 	 -0.22844 	 -0.114628 	 -0.0110144
1512 	 -0.00519766 	 -0.174559 	 0.107874
1513 	 -0.196713 	 -0.235878 	 -0.192644
1514 	 -0.209866 	 -0.0381007 	 -0.0634219
1515 	 -0.39813 	 -0.423448 	 -0.0273478
1516 	 -0.108038 	 -0.10324 	 -0.0887922
1517 	 -0.0248551 	 -0.334073 	 -0.355089
1518 	 -0.218683 	 -0.227962 	 -0.137051
1519 	 -0.184716 	 -0.100392 	 -0.157274
1520 	 0.020675 	 -0.0611563 	 -0.272163
1521 	 -0.0774677 	 -0.20699 	 -0.0552367
1522 	 -0.337206 	 -0.0925451 	 -0.0299774
1523 	 -0.191221 	 -0.018934 	 -0.00312556
1524 	 -0.281558 	 -0.385878 	 -0.0052737
1525 	 -0.119167 	 -0.226503 	 -0.157718
1526 	 -0.0948125 	 -0.0237951 	 -0.1502
1527 	 -0.274331 	 -0.190184 	 0.0799115
1528 	 -0.22273 	 -0.175462 	 -0.139829
1529 	 -0.286256 	 -0.150115 	 -0.0956811
1530 	 0.0148934 	 -0.268378 	 0.0906893
1531 	 -0.23704 	 -0.229906 	 -0.12894
1532 	 -0.320584 	 -0.0371285 	 -0.0301256
1533 	 -0.213841 	 -0.187337 	 -0.0747181
1534 	 -0.209794 	 -0.0287951 	 0.0899115
1535 	 -0.442287 	 -0.130531 	 0.0131707
1536 	 0.137608 	 -0.41067 	 -0.0754219
1537 	 -0.187318 	 -0.406017 	 -0.135903
1538 	 -0.0863569 	 -0.308309 	 -0.0157181
1539 	 -0.332003 	 -0.132962 	 -0.366866
1540 	 -0.272091 	 -0.19567 	 0.0152819
1541 	 -0.105725 	 -0.203101 	 -0.06557
1542 	 -0.253373 	 -0.230115 	 -0.0881626
1543 	 -0.208999 	 -0.184003 	 -0.205718
1544 	 -0.145835 	 -0.196434 	 -0.103792
1545 	 -0.110856 	 -0.011434 	 -0.0348663
1546 	 -0.218322 	 0.0442604 	 0.0369485
1547 	 -0.240437 	 -0.0505313 	 -0.0930144
1548 	 -0.260889 	 -0.00567014 	 -0.175681
1549 	 0.0447409 	 -0.315045 	 -0.0961626
1550 	 -0.0805753 	 -0.0835174 	 -0.0726811
1551 	 -0.3526 	 -0.0503924 	 -0.106274
1552 	 -0.235016 	 0.0707882 	 -0.0717181
1553 	 -0.31632 	 -0.159698 	 0.0496522
1554 	 0.0518234 	 -0.0303229 	 -0.0487181
1555 	 -0.153423 	 0.0358576 	 0.109023
1556 	 0.0930173 	 -0.000461806 	 -0.0868293
1557 	 0.00166799 	 -0.255948 	 -0.247977
1558 	 -0.259444 	 -0.227059 	 -0.00964407
1559 	 -0.327811 	 -0.194351 	 -0.0204589
1560 	 -0.296735 	 -0.21942 	 0.0626522
1561 	 -0.274476 	 0.00266319 	 0.00698556
1562 	 -0.0734928 	 -0.0979618 	 -0.304644
1563 	 -0.210155 	 -0.0715035 	 -0.0390515
1564 	 -0.38541 	 0.0197465 	 -0.0579774
1565 	 -0.231475 	 -0.126851 	 -0.255866
1566 	 -0.5048 	 -0.191365 	 -0.207348
1567 	 -0.208999 	 -0.183378 	 -0.226459
1568 	 -0.12307 	 -0.106017 	 -0.07157
1569 	 -0.0928612 	 -0.0217118 	 -0.216385
1570 	 -0.252433 	 0.102247 	 0.0596893
1571 	 -0.355707 	 0.00641319 	 -0.0743848
1572 	 -0.163903 	 -0.0181701 	 -0.0262367
1573 	 -0.155664 	 -0.0712951 	 -0.108126
1574 	 -0.312634 	 -0.122476 	 -0.0350885
1575 	 -0.0110515 	 0.00710764 	 -0.14194
1576 	 -0.039815 	 -0.202823 	 -0.0180144
1577 	 -0.022687 	 -0.176851 	 -0.0710885
1578 	 -0.353322 	 -0.160045 	 -0.179385
1579 	 -0.0946679 	 -0.214976 	 0.00298556
1580 	 -0.331063 	 -0.300878 	 -0.147459
1581 	 0.138981 	 -0.146642 	 -0.0731626
1582 	 -0.177273 	 -0.391365 	 -0.0189774
1583 	 0.21248 	 -0.0208785 	 0.0658004
1584 	 -0.137524 	 0.0255799 	 -0.16057
1585 	 -0.161807 	 -0.20567 	 -0.149755
1586 	 0.00643781 	 -0.156017 	 -0.185607
1587 	 -0.0578825 	 -0.00782292 	 -0.212755
1588 	 -0.35961 	 -0.205392 	 -0.191237
1589 	 -0.0810812 	 -0.126087 	 -0.230126
1590 	 -0.0657599 	 -0.265253 	 -0.278126
1591 	 -0.171925 	 -0.240115 	 -0.100755
1592 	 0.0554369 	 0.0555104 	 -0.169163
1593 	 0.0219759 	 -0.121087 	 -0.0602737
1594 	 -0.149159 	 0.165302 	 -0.183496
1595 	 -0.00555901 	 -0.166017 	 -0.192607
1596 	 -0.102907 	 -0.140323 	 -0.214977
1597 	 -0.111435 	 -0.113448 	 0.121023
1598 	 -0.425231 	 -0.100253 	 -0.131681
1599 	 -0.289146 	 0.0406493 	 -0.185977
1600 	 -0.262045 	 -0.140115 	 -0.0607181
1601 	 -0.386133 	 0.0117604 	 -0.00645889
1602 	 -0.338579 	 0.0409965 	 -0.177866
1603 	 -0.308081 	 -0.134559 	 -0.273274
1604 	 -0.128996 	 -0.228587 	 -0.0684589
1605 	 -0.162674 	 -0.256712 	 -0.131607
1606 	 -0.382953 	 -0.232684 	 -0.0956441
1607 	 -0.164553 	 -0.00553125 	 -0.0187552
1608 	 -0.0979201 	 -0.0571979 	 0.0126522
1609 	 -0.247158 	 -0.063309 	 -0.266755
1610 	 -0.267176 	 -0.0686563 	 -0.10694
1611 	 0.107905 	 -0.124837 	 -0.078533
1612 	 -0.1097 	 -0.288656 	 0.00887444
1613 	 -0.120541 	 -0.283031 	 0.0386522
1614 	 -0.124877 	 -0.187753 	 -0.251311
1615 	 -0.117433 	 -0.14192 	 0.0642078
1616 	 -0.274982 	 -0.229281 	 -0.0733478
1617 	 -0.17337 	 -0.103309 	 -0.12957
1618 	 -0.320801 	 -0.259976 	 0.140208
1619 	 -0.155447 	 -0.00317014 	 -0.0534219
1620 	 -0.128273 	 -0.140045 	 -0.0564959
1621 	 -0.198737 	 -0.0615729 	 -0.113089
1622 	 -0.294567 	 -0.0566424 	 -0.165977
1623 	 -0.0420554 	 -0.250948 	 0.0228374
1624 	 -0.113386 	 -0.234837 	 0.0946893
1625 	 -0.184933 	 0.0650937 	 0.0155411
1626 	 -0.0865014 	 -0.10199 	 -0.0522367
1627 	 -0.0585329 	 -0.15449 	 -0.0784959
1628 	 -0.245929 	 -0.0987951 	 -0.1782
1629 	 0.0163388 	 -0.180878 	 -0.0362367
1630 	 0.0315155 	 -0.169906 	 -0.165607
1631 	 -0.395528 	 -0.153587 	 -0.106089
1632 	 -0.245351 	 -0.247823 	 0.00617074
1633 	 -0.213408 	 0.0512743 	 -0.219607
1634 	 -0.0978478 	 -0.140531 	 -0.117755
1635 	 0.192316 	 -0.0694201 	 -0.0787922
1636 	 0.11253 	 -0.161156 	 0.0346152
1637 	 -0.0229038 	 -0.0828924 	 0.0211337
1638 	 -0.090404 	 -0.0362951 	 -0.126681
1639 	 -0.00671533 	 -0.115948 	 -0.0360515
1640 	 0.121853 	 0.0306493 	 -0.0561256
1641 	 -0.142655 	 -0.282823 	 0.0648004
1642 	 -0.0504387 	 0.000371528 	 -0.0851626
1643 	 -0.133621 	 -0.364698 	 -0.0348293
1644 	 0.172876 	 -0.348448 	 -0.0218663
1645 	 -0.0482706 	 -0.174142 	 -0.184718
1646 	 -0.212107 	 -0.135948 	 -0.139274
1647 	 0.0667833 	 -0.168031 	 -0.167718
1648 	 0.135801 	 -0.166503 	 -0.194422
1649 	 -0.100955 	 -0.238795 	 -0.165014
1650 	 -0.0461025 	 -0.321503 	 -0.238866
1651 	 -0.218322 	 0.0391215 	 -0.146718
1652 	 -0.139042 	 -0.297198 	 -0.0879404
1653 	 0.0523293 	 -0.0243507 	 -0.125311
1654 	 -0.0468974 	 -0.149906 	 -0.177126
1655 	 -0.0567984 	 -0.0298368 	 -0.205644
1656 	 -0.0899704 	 -0.070809 	 -0.162274
1657 	 -0.218033 	 -0.241642 	 -0.130755
1658 	 -0.210011 	 -0.184698 	 -0.130607
1659 	 -0.131742 	 -0.383795 	 -0.187422
1660 	 -0.0286131 	 -0.208309 	 -0.145126
1661 	 -0.221863 	 -0.298448 	 -0.184681
1662 	 -0.346384 	 -0.0243507 	 -0.0730144
1663 	 -0.19375 	 -0.264003 	 -0.298866
1664 	 -0.0340334 	 -0.15817 	 -0.160089
1665 	 -0.103629 	 -0.354281 	 -0.0290885
1666 	 0.0344786 	 -0.0263646 	 -0.0472367
1667 	 -0.231114 	 0.10551 	 -0.141829
1668 	 0.222236 	 -0.194559 	 0.0847633
1669 	 -0.0105456 	 -0.064559 	 -0.0400515
1670 	 -0.105364 	 -0.220462 	 -0.0449774
1671 	 0.0730708 	 -0.198726 	 -0.259496
1672 	 -0.212613 	 -0.123656 	 -0.0544959
1673 	 0.0166279 	 -0.0285868 	 -0.0930515
1674 	 -0.111145 	 -0.251226 	 -0.00442185
1675 	 -0.0629414 	 -0.299212 	 0.0277633
1676 	 -0.193967 	 -0.21442 	 -0.245829
1677 	 0.0573882 	 -0.180878 	 -0.121126
1678 	 -0.103918 	 -0.0815035 	 -0.055607
1679 	 -0.215287 	 -0.294212 	 -0.0574219
1680 	 -0.41916 	 -0.261434 	 0.0576893
1681 	 -0.196496 	 -0.207476 	 -0.0734589
1682 	 0.10234 	 -0.156017 	 -0.114385
1683 	 0.02147 	 -0.0713646 	 -0.0866441
1684 	 0.144329 	 0.0146771 	 0.0203559
1685 	 -0.325281 	 -0.174906 	 0.0765041
1686 	 -0.166938 	 -0.122267 	 -0.150903
1687 	 0.0518956 	 -0.192406 	 -0.108681
1688 	 -0.0429949 	 -0.198448 	 -0.0659033
1689 	 0.167311 	 -0.0976146 	 -0.0474959
1690 	 -0.13485 	 -0.302545 	 -0.100681
1691 	 -0.100666 	 0.00870486 	 -0.0588663
1692 	 -0.264647 	 -0.178795 	 -0.322792
1693 	 0.020675 	 -0.135878 	 -0.21194
1694 	 0.0821768 	 -0.177128 	 -0.120311
1695 	 -0.338868 	 -0.143795 	 -0.177348
1696 	 -0.0408268 	 -0.129351 	 -0.2482
1697 	 -0.0218198 	 -0.177962 	 -0.00308852
1698 	 -0.0565816 	 -0.050184 	 -0.147607
1699 	 0.0815986 	 -0.0671285 	 -0.183496
1700 	 -0.0972696 	 0.0207187 	 -0.221533
1701 	 -0.154652 	 -0.240878 	 -0.146792
1702 	 0.0421392 	 -0.0693507 	 -0.252163
1703 	 -0.162819 	 -0.0760868 	 -0.144051
1704 	 -0.0517395 	 -0.142267 	 -0.222051
1705 	 -0.154652 	 -0.0181007 	 -0.0263478
1706 	 -0.095752 	 0.11801 	 -0.156237
1707 	 -0.174093 	 0.0450243 	 -0.08857
1708 	 -0.0544858 	 -0.0155313 	 0.0163559
1709 	 -0.16954 	 -0.210115 	 -0.263237
1710 	 -0.00563128 	 -0.192545 	 -0.049533
1711 	 -0.155592 	 0.162733 	 -0.159607
1712 	 -0.207337 	 0.0125243 	 -0.223422
1713 	 -0.171997 	 0.0143993 	 -0.138385
1714 	 0.134428 	 -0.480253 	 -0.0532737
1715 	 -0.24246 	 -0.0187257 	 0.0695411
1716 	 -0.144462 	 -0.0505313 	 -0.126051
1717 	 -0.00772711 	 -0.0380313 	 -0.07057
1718 	 -0.0297695 	 -0.158934 	 -0.0862367
1719 	 -0.281341 	 0.0139132 	 0.00705963
1720 	 -0.214853 	 -0.163517 	 -0.207422
1721 	 0.125611 	 -0.115809 	 -0.202348
1722 	 -0.144679 	 -0.49067 	 -0.197681
1723 	 -0.237763 	 -0.448101 	 -0.290977
1724 	 -0.196858 	 -0.0483785 	 -0.190014
1725 	 -0.118083 	 -0.151642 	 -0.210126
1726 	 0.147292 	 -0.33692 	 -0.272051
1727 	 -0.264792 	 -0.0774757 	 -0.0259404
1728 	 -0.312345 	 -0.194142 	 -0.0403478
1729 	 -0.011702 	 -0.293726 	 -0.29094
1730 	 -0.245423 	 -0.188726 	 -0.268644
1731 	 -0.016544 	 -0.194281 	 -0.197533
1732 	 -0.160072 	 0.0859965 	 -0.0493848
1733 	 -0.0275291 	 -0.112823 	 -0.212126
1734 	 -0.2017 	 0.0370382 	 -0.158311
1735 	 -0.216804 	 -0.0475451 	 -0.258163
1736 	 -0.176333 	 -0.217753 	 -0.122644
1737 	 0.0286247 	 0.160094 	 -0.133792
1738 	 -0.127117 	 -0.238309 	 0.0482448
1739 	 0.27297 	 0.0209271 	 -0.186681
1740 	 -0.191148 	 -0.0156701 	 -0.270866
1741 	 -0.135573 	 -0.16567 	 -0.0417922
1742 	 -0.151833 	 -0.0306007 	 -0.0294959
1743 	 -0.128273 	 -0.295045 	 0.157171
1744 	 -0.0784794 	 -0.102476 	 -0.118422
1745 	 -0.208132 	 -0.0626146 	 0.0683559
1746 	 0.0326718 	 -0.11567 	 0.0189115
1747 	 -0.125021 	 -0.229281 	 -0.129866
1748 	 -0.205386 	 -0.0656701 	 0.0343559
1749 	 -0.072481 	 -0.17567 	 -0.214829
1750 	 -0.0789131 	 -0.169837 	 -0.102681
1751 	 -0.263852 	 -0.0317813 	 -0.0614959
1752 	 -0.0530404 	 -0.217267 	 -0.0690885
1753 	 -0.30389 	 -0.0549757 	 0.0587263
1754 	 -0.160867 	 -0.0904618 	 -0.00282926
1755 	 -0.239352 	 -0.272684 	 -0.00182926
1756 	 -0.0697348 	 -0.0508785 	 -0.132348
1757 	 -0.0489933 	 -0.109976 	 0.00539296
1758 	 -0.411427 	 -0.00594792 	 -0.0210144
1759 	 -0.0836106 	 -0.0330313 	 -0.0489404
1760 	 -0.235811 	 -0.216226 	 -0.132496
1761 	 -0.0536186 	 0.0758576 	 -0.135977
1762 	 -0.0119188 	 -0.0534479 	 -0.00834778
1763 	 -0.0273845 	 -0.0599757 	 -0.175607
1764 	 -0.224103 	 -0.382892 	 -0.180274
1765 	 -0.288496 	 -0.321573 	 -0.0444959
1766 	 -0.0560757 	 -0.227615 	 -0.0627552
1767 	 -0.0982814 	 -0.25567 	 0.0027263
1768 	 -0.437228 	 -0.224142 	 -0.01757
1769 	 -0.157543 	 -0.28699 	 0.02843
1770 	 -0.102329 	 -0.426365 	 -0.0674959
1771 	 -0.0419108 	 -0.33817 	 -0.144237
1772 	 -0.180525 	 -0.177545 	 -0.175014
1773 	 -0.0414049 	 -0.00942014 	 -0.148237
1774 	 -0.115843 	 -0.251087 	 0.1538
1775 	 -0.199026 	 -0.368934 	 -0.0891996
1776 	 -0.272669 	 -0.179767 	 0.00198556
1777 	 -0.42552 	 -0.312823 	 -0.0486811
1778 	 -0.154652 	 -0.166365 	 -0.194051
1779 	 -0.0844056 	 -0.103726 	 -0.200348
1780 	 -0.24629 	 -0.387545 	 -0.183163
1781 	 -0.143522 	 -0.168031 	 -0.1042
1782 	 -0.18132 	 -0.202406 	 -0.0394959
1783 	 -0.256191 	 -0.34942 	 -0.00638481
1784 	 -0.355924 	 -0.188587 	 -0.00123667
1785 	 -0.280257 	 -0.158656 	 0.00850407
1786 	 0.0189405 	 0.00752431 	 0.0821337
1787 	 -0.154941 	 -0.152684 	 -0.0776811
1788 	 -0.187535 	 -0.0669201 	 0.00531889
1789 	 -0.181031 	 -0.204351 	 -0.105533
1790 	 -0.114759 	 -0.24199 	 -0.310422
1791 	 -0.167733 	 -0.191087 	 -0.0811996
1792 	 -0.171057 	 -0.177753 	 -0.126718
1793 	 -0.477338 	 0.132941 	 -0.00894037
1794 	 -0.0433562 	 0.0634965 	 -0.0639774
1795 	 -0.0766004 	 -0.340809 	 -0.246126
1796 	 -0.333593 	 -0.148865 	 -0.253681
1797 	 -0.164553 	 -0.152128 	 -0.00901444
1798 	 -0.02724 	 -0.376573 	 0.0546893
1799 	 -0.0141591 	 -0.141295 	 -0.148792
